1 1 1 5 3700
1 1 2 3701 5555
1 1 3 5556 6620
2 1 1 5 3700
2 1 2 3701 5555
2 1 3 5556 6620
3 2 1 5 3700
3 2 2 3701 5555
3 2 3 5556 6620
4 2 1 5 3700
4 2 2 3701 5555
4 2 3 5556 6620
5 3 1 5 3700
5 3 2 3701 5555
5 3 3 5556 6620
6 3 1 5 3700
6 3 2 3701 5555
6 3 3 5556 6620
7 4 1 5 3700
7 4 2 3701 5555
7 4 3 5556 6620
8 4 1 5 3700
8 4 2 3701 5555
8 4 3 5556 6620
9 5 1 5 3700
9 5 2 3701 5555
9 5 3 5556 6620
10 5 1 5 3700
10 5 2 3701 5555
10 5 3 5556 6620
11 6 1 5 3700
11 6 2 3701 5555
11 6 3 5556 6620
12 6 1 5 3700
12 6 2 3701 5555
12 6 3 5556 6620
13 7 1 5 3700
13 7 2 3701 5555
13 7 3 5556 6620
14 7 1 5 3700
14 7 2 3701 5555
14 7 3 5556 6620
15 8 1 5 3700
15 8 2 3701 5555
15 8 3 5556 6620
16 8 1 5 3700
16 8 2 3701 5555
16 8 3 5556 6620
17 9 1 5 3700
17 9 2 3701 5555
17 9 3 5556 6620
18 9 1 5 3700
18 9 2 3701 5555
18 9 3 5556 6620
19 10 1 5 3700
19 10 2 3701 5555
19 10 3 5556 6620
20 10 1 5 3700
20 10 2 3701 5555
20 10 3 5556 6620
21 10 1 5 3700
21 10 2 3701 5555
21 10 3 5556 6620
22 11 1 5 3700
22 11 2 3701 5555
22 11 3 5556 6620
23 11 1 5 3700
23 11 2 3701 5555
23 11 3 5556 6620
24 12 1 5 3700
24 12 2 3701 5555
24 12 3 5556 6620
25 12 1 5 3700
25 12 2 3701 5555
25 12 3 5556 6620
26 13 1 5 3700
26 13 2 3701 5555
26 13 3 5556 6620
27 13 1 5 3700
27 13 2 3701 5555
27 13 3 5556 6620
28 14 1 5 3700
28 14 2 3701 5555
28 14 3 5556 6620
29 14 1 5 3700
29 14 2 3701 5555
29 14 3 5556 6620
30 15 1 5 3700
30 15 2 3701 5555
30 15 3 5556 6620
31 15 1 5 3700
31 15 2 3701 5555
31 15 3 5556 6620
32 16 1 5 3700
32 16 2 3701 5555
32 16 3 5556 6620
33 16 1 5 3700
33 16 2 3701 5555
33 16 3 5556 6620
34 17 1 5 3700
34 17 2 3701 5555
34 17 3 5556 6620
35 17 1 5 3700
35 17 2 3701 5555
35 17 3 5556 6620
36 18 1 5 3700
36 18 2 3701 5555
36 18 3 5556 6620
37 18 1 5 3700
37 18 2 3701 5555
37 18 3 5556 6620
38 19 1 5 3700
38 19 2 3701 5555
38 19 3 5556 6620
39 19 1 5 3700
39 19 2 3701 5555
39 19 3 5556 6620
40 20 1 5 3700
40 20 2 3701 5555
40 20 3 5556 6620
41 20 1 5 3700
41 20 2 3701 5555
41 20 3 5556 6620
42 21 1 5 3700
42 21 2 3701 5555
42 21 3 5556 6620
43 21 1 5 3700
43 21 2 3701 5555
43 21 3 5556 6620
44 22 1 5 3700
44 22 2 3701 5555
44 22 3 5556 6620
45 22 1 5 3700
45 22 2 3701 5555
45 22 3 5556 6620
46 23 1 5 3700
46 23 2 3701 5555
46 23 3 5556 6620
47 23 1 5 3700
47 23 2 3701 5555
47 23 3 5556 6620
48 24 1 5 3700
48 24 2 3701 5555
48 24 3 5556 6620
49 24 1 5 3700
49 24 2 3701 5555
49 24 3 5556 6620
50 25 1 5 3700
50 25 2 3701 5555
50 25 3 5556 6620
51 25 1 5 3700
51 25 2 3701 5555
51 25 3 5556 6620
52 26 1 5 3700
52 26 2 3701 5555
52 26 3 5556 6620
53 26 1 5 3700
53 26 2 3701 5555
53 26 3 5556 6620
54 27 1 5 3700
54 27 2 3701 5555
54 27 3 5556 6620
55 27 1 5 3700
55 27 2 3701 5555
55 27 3 5556 6620
56 28 1 5 3700
56 28 2 3701 5555
56 28 3 5556 6620
57 28 1 5 3700
57 28 2 3701 5555
57 28 3 5556 6620
58 29 1 5 3700
58 29 2 3701 5555
58 29 3 5556 6620
59 29 1 5 3700
59 29 2 3701 5555
59 29 3 5556 6620
60 30 1 5 3700
60 30 2 3701 5555
60 30 3 5556 6620
61 30 1 5 3700
61 30 2 3701 5555
61 30 3 5556 6620










