0.9375744010441894 0.1223386171628436 0.14272804678457984
0.9586163470706103 0.13965564183487736 0.13596936772496215
0.9853182279371651 0.1305004257315189 0.13225576522053914
1.0023544227641448 0.1134541357140308 0.14665997053020144
1.007302493715999 0.09309662320976074 0.1641403537395543
0.9971580509144305 0.09154706245251946 0.16627278428413372
0.994876945745999 0.11043383826281147 0.15695665696236738
1.0065972579831033 0.1194411955152881 0.1299988273263551
1.0168600898369984 0.12701146670881494 0.10333018920834332
1.0048183630495633 0.09023336205534001 0.13073047370916674
0.9942464552115148 0.07318299317299996 0.14623882773424157
0.9703075973956448 0.06716258865157827 0.1395331739176987
0.9519433241728829 0.07295610631561236 0.14606731146721869
0.9659739054621099 0.08973828983393922 0.149221497657202
0.9583437769268813 0.10282104490320344 0.13536039320257173
0.9479412439518082 0.09628201271586119 0.13763170909535877
0.9474564708641585 0.07132456037484769 0.13639571107360823
0.957770492471945 0.05780761014209746 0.13213064604120675
0.9564471047707425 0.06904467886587162 0.11718058664273732
0.9479553160355473 0.08147807865071152 0.11293836325350656
0.9569528840123793 0.058452580646805995 0.12645296813896695
0.9811398387828668 0.01908806779073384 0.12640014683913467
0.999939734771813 -0.007993249478670087 0.1195377626406571
0.9973185542463534 -0.001783177741634503 0.1183088006607761
0.9826542193307602 0.01837977290919937 0.1174409201919106
0.9641958263015404 0.031857056181264755 0.12579606695456655
0.9525665747222549 0.02345439064308403 0.12726231689720752
0.9642009248826052 0.020612441557514547 0.11999428958920733
0.9815778068963408 0.04235503459387253 0.11472154099514106
0.9953549887066431 0.06526897564407826 0.12052831496994386
0.99294570521024 0.062281920941402016 0.1218206013266508
0.9939881610947673 0.06038015020419817 0.14167029515685786
0.999066857693504 0.0694670453212871 0.1799020052719328
0.9937742246332847 0.07426776728036588 0.19326406061193172
0.9503341100171823 0.06690174524429852 0.16937537283374038
0.9033848459973589 0.0597276337995136 0.16437417466719015
0.8563557381980595 0.03957222904865576 0.15894082076957985
0.7928711639550713 0.013676025961974784 0.14252328776901388
0.7403462956259274 -0.02937741226616633 0.06277118078038882
0.7123487633391627 -0.022702757822498 -0.11226749195698837
0.6653548357492111 0.10351016911993392 -0.33420219952787145
0.8021827025538792 0.037830655728510756 -0.6184492155833032
1.0796537043740726 -0.059397551661372644 -0.5448512998832425
1.3340012134622936 -0.27621053060933143 -0.3670838665599364
1.5243902861833551 -0.34374857877052817 -0.14405102659929742
1.6067845798514273 -0.18056696221441573 -0.2850694171811985
1.5251038835891972 -0.04796663488551136 -0.42855195199176066
1.5009329383632537 -0.01049440940586235 -0.3857259104791137
1.6508666058235995 -0.06558977836468112 -0.244652863108197
1.8681381511525346 -0.13707310855388946 -0.03795638673757094
2.006347835397409 -0.13121198370493492 0.04910749338459107
1.8619034022831449 -0.08661999765465271 0.08938648774046183
1.6625344026757354 -0.026585939133139246 0.011399305573258963
1.4286409732171539 0.07101742185149873 0.020294596013929325
1.0630895361820807 0.09868058919202786 0.05139084192869125
0.7101393442205035 -0.0219452106478767 0.034149174284796545
0.37320726241886887 -0.020032325003951402 0.10788026492227214
0.0777596834800875 0.035470930440058536 0.19733017901118122
-0.040677805366766434 0.07353897610295056 0.05158938067535805
-0.06067413438839971 0.11479852956922089 -0.15875849551069937
-0.1627270270683669 0.15553496861823354 -0.3502002212784182
-0.1110238460636405 0.20059520835351524 -0.337900914175585
0.094987584955107 0.21012629185297732 -0.09209261062646266
0.3402264789709024 0.2805596202576823 -0.13217143468972586
0.8374176706622548 0.12218739324845895 -0.34012256988879996
1.663477946087604 0.2558325218091805 -0.45508772108722145
2.6064099361147792 0.3391746416972157 -0.2009385468024249
2.641992831395023 0.5936970321159621 -0.25794302845518097
2.068591007122718 0.25889901240484775 -0.12398464307383254
1.7953399988783123 0.277025691749986 -0.0039639428347091
1.6903303370671945 0.23220284194908558 -0.11543676994692377
1.6166255551080135 0.17172337138574337 -0.03692117083815574
1.6415316137518932 0.3065818602682873 0.0961847317891431
1.3674251655764202 0.34249218642451806 0.16198039085722443
0.8934236461992627 0.27910010044204697 0.10375123003268191
0.4309368642706735 0.07630097943742256 0.030768305180668223
0.06542132124629717 -0.19541545787807255 -0.030834688706133085
-0.12872622149255863 -0.3916069197942213 0.06512325819724371
-0.15764700483855346 -0.302210336863251 0.07501399560502313
-0.17568649844748208 -0.1023617647208782 -0.2002183212411986
-0.2367193689996074 -0.0014282145278968863 -0.3883095654479358
-0.16754131125307828 0.008389307255790714 -0.19057313149750427
-0.038909107595356214 0.038911350971024765 0.04643308367281386
0.11314026706367618 0.13917627324315646 0.11732283705444775
0.6084587499298946 -0.03826566666496714 -0.12468712557295306
1.3625083999123047 0.12426108813917087 0.25266548719491366
1.8882450174116545 -0.044007994575109746 -0.7894205462619753
2.614353321470635 -0.5291494037209444 -0.3671150698760535
2.2667255382826963 -0.500956391836152 0.2094475687416192
2.114070656136397 -0.19476773413958895 0.5299232663549734
1.8617238302580392 0.018229466739406425 0.012579525118159617
1.6461640825358304 0.13498523960781714 -0.11742990725681043
1.7724617478955607 0.14589732477451525 0.0033551722555612775
1.8736234086053851 -0.00821116283338347 0.19163322847251613
1.6089070171771198 0.020457240749899304 0.1091248285602117
1.2323500889702397 0.005799330046448074 0.1409475203050991
0.781248132644685 0.026950589650900157 0.15794649549030507
0.3496600776004038 -0.07828820239327396 -0.01294030071431121
0.0074958319099794534 -0.1950473403251875 -0.1301514788434379
-0.2712278912778574 -0.04623617647208782 0.011591827994269195
-0.34539093370315044 0.1986289915516512 0.03370325238486129
-0.31933616474535137 0.2714636496662979 -0.25034175788877955
-0.08050068066057217 0.17906624586377612 -0.314868074214946
0.12387726695660597 0.0462049731559707 -0.15933198390887818
0.0988406846374654 0.009841383143071284 0.009140124303406364
0.38603141745652186 0.1501835999041467 -0.22671024253950128
1.0645805652286968 -0.05672640504147696 -0.6412482346163063
2.060786813029934 0.34376611788939143 -0.44892139517572266
3.0208732849647943 0.511278061315536 -0.24751173948290192
2.948534208929655 1.20201067642875 -0.16711425410308312
2.369415957539017 0.669288289069152 0.28518729637541873
2.061722708570205 0.23033278438610535 0.07511086864525603
1.767668163949973 0.08567115171847675 -0.17733109675577288
1.5432760422774343 -0.005057588473127929 -0.14887377442857655
1.441479302310167 0.014487822039126514 0.007759224607791652
1.2991872861782565 0.20871092574936398 0.15925938011451413
0.9708769049573505 0.27267089169084247 0.20250829794068312
0.5356845609866774 0.17113927793894962 0.06962520330591997
0.11808782815742379 0.02579616892618784 -0.06468478022566321
-0.2317531470991623 -0.21869139818388542 -0.13485950859875698
-0.48337046799875594 -0.3818238644185324 -0.10093599751189244
-0.45136453325039644 -0.26550605966359564 -0.16485894775483984
-0.2924271795159407 -0.06323056293433538 -0.208033630240704
-0.19788582237563287 0.014882248270306373 -0.1262417849112592
-0.0013661138105265304 0.057680757445203006 0.06706765307215003
0.06462074204748819 0.11770584246404227 0.11767331351684826
0.3027409971804847 -0.04867839680216996 0.018813866101064076
1.0243944670198284 -0.09919758531200767 -0.1889965482606191
1.8909833633299855 0.03993259675832216 -0.5637716243569415
3.0574087991312022 -0.5848126526387707 -0.7733130069901547
3.2527012792339893 -0.7878131675954582 0.07211504438314818
2.874683505580397 -0.40673002503403305 0.7479761182462921
2.341682939637899 -0.12867054498733005 0.04966181111796587
1.9377331708585501 0.07808334140608669 -0.21237517398907882
1.732376907506641 0.40239663901536205 -0.00841857311110318
1.5612817832797132 0.19879367572004714 0.28957064848852565
1.0905516154854105 -0.03897783646811093 0.2623658435857301
0.5795250161879949 -0.14910830915756146 0.17208914359133853
0.09241116997139696 -0.10694640881442695 0.07119780964957453
-0.26306475707810517 -0.037828412352842206 0.00945022000377295
-0.43749965584577816 0.051068305690526325 -0.08085543993106718
-0.4333181055712196 0.1838206727067857 -0.14884206125435293
-0.32700626615612877 0.2717570220207716 -0.15736556316377154
0.01936675623174071 0.22606323260236677 -0.08056665629955184
0.11730825511260216 0.09189019695818654 -0.18348834719297621
0.0833870893730275 -0.047130161676005575 -0.2105295896152101
0.21884262209827007 0.016753019634635682 0.03817644149633158
0.8734617835856282 0.05668163949972723 -0.14400819851835236
2.052269327446172 0.08043083009998318 -0.7729673231939551
3.1213065623836886 0.40600357920390756 -0.5564076417533002
2.906368025778426 0.7284866901541301 -0.1610864056533067
2.3248707764629106 0.9433933096419268 0.5661333890778197
2.2019278754722564 0.5933097438982731 0.5130724559355132
1.9942409487439647 0.2487921971315383 -0.07545063808742027
1.6587049604095179 0.033388873876400195 -0.2984411598252207
1.484994264096302 -0.058429127173907504 -0.22617285209526192
1.3521000545548174 -0.1243519448537472 0.13846777441837937
1.02448573162089 0.02361652552094752 0.19168717146018266
0.567055314505973 0.17670376734154886 0.16233229492232312
0.09608867452188057 0.06074480072195908 0.07387181147486656
-0.22761840179877943 -0.027297089220070056 -0.05886271050766572
-0.527391209026528 -0.17010069697603158 -0.2712549137575013
-0.3949700458362438 -0.19422912003589402 -0.19043445009253926
-0.2688949845258065 -0.12845803612854545 -0.09063686376081537
-0.15755563826587063 0.012915113723850652 -0.05281977025793722
0.08525398581574749 0.10203311018543539 0.10014490167386417
0.19034889590227042 0.14678488576629126 0.0787708340768764
0.5990472791422148 -0.1014462635048666 -0.40354993805224004
1.5452190095496425 -0.031110827856607508 -0.49237303258503157
3.2060692489280234 -0.45022602009860657 -0.4878318284021557
3.305739676647989 -0.7265669724115779 -0.42888570510826834
2.217502511051175 -0.4591583262378081 0.3685549091687783
2.0675137789153277 -0.13642242763838824 0.5668468845120402
1.8890582410915042 0.06925239505845524 -0.16764919722841135
1.89151096449858 0.2672829151647097 -0.11092156852747881
1.7044509592980273 0.34234677489254745 0.12673084080700342
1.3070728536248364 0.10675714948529824 0.1809517011415723
0.8157152544446881 0.010173708656880791 0.16228079925356775
0.41578541092014093 -0.03962790555388435 0.21534978815395678
0.03938929196004752 -0.0543636206043858 0.1677537181402416
-0.2154733777589697 -0.009247908307118129 0.07196514609984041
-0.33900873386936414 0.10052943665777815 -0.0335502949529146
-0.3482466489575951 0.21316871714601826 -0.15381593102639535
-0.26029816502067477 0.18933438024197866 -0.25386365374516273
-0.15807141072639486 0.08342410507155859 -0.2545259594254919
0.08718614409609805 0.03084651741420363 -0.15521416589763068
0.12536584868431117 0.037532592679457306 -0.11634513314944453
0.5175466647631964 0.2765386752866677 0.0014665558575048566
1.3379963596131197 0.19946097800981988 -0.4689891043322643
2.453919942080119 0.4325442429371906 -0.880272570143729
3.6443317544727307 0.5621295753391832 -0.14545497188132545
2.7838743097795886 1.0449782545517583 -0.18877170083565745
2.3036757710329216 0.8301260879097347 0.5818806626115952
2.1762708978091396 0.21372007770237544 0.17749251783228728
1.8117206181519683 0.016474637108492708 -0.11892521911152128
1.4049311436627188 -0.09436056145574687 -0.17978881677229228
1.200198232831803 -0.20272814875620115 -0.12612727078054178
1.0242879066755723 -0.24267848857662913 0.06830874967496546
0.6728598451051072 0.054281737392483674 0.20038218963662416
0.19479587830706716 0.17688507288421634 0.1367476151387069
-0.15021888208511572 0.09061524577710024 0.05466657829126155
-0.251898558631133 -0.006850759433649617 0.007919523996471781
-0.2984657349859534 -0.12456139456389288 -0.1595193057772022
-0.26537237486807425 -0.1583286851269292 -0.2791553690607904
-0.26003721964177373 -0.1182313022285898 -0.28348457424298823
-0.12228018742383996 -0.03999337184461565 -0.12271601413326672
0.003654968822176788 0.030647978667536824 0.07575420760402381
0.43671671773745363 -0.05821794394619977 -0.03678238746156944
1.1730537951288158 -0.014375857198941534 -0.3578066923975058
2.029659057884191 -0.12075989252191116 -0.4082886612655698
3.2816215527218775 -0.6252855970183498 -0.5174108385636278
3.045916291496077 -0.6930508379517981 0.17375586974145096
2.4161979880999116 -0.2764919722841134 0.5982999291297232
2.1125062075224466 -0.14728424079578653 0.1174734491391046
1.9428829416773314 0.004809083632025208 -0.22333855088128973
1.7809999337184463 0.21879469543626012 0.017101762579474135
1.5376544487669082 0.18092998118623588 0.20638118011757328
1.099215532317356 0.12008769559431612 0.12534229323979137
0.5996555398632561 0.07062268970545497 0.13306072919906392
0.1547110379181474 -0.05853038499385622 0.12210612186628461
-0.20616734562771183 -0.053786767142704195 -0.0002501363870434858
-0.5345500247281182 0.07269893388669935 -0.11859850203688314
-0.27756104276179944 0.2843109522619855 -0.05888004568328635
0.04563709319696328 0.28687043995656014 -0.08273763211698185
-0.020566248413066646 0.24813998664171766 -0.26055227830094885
-0.03731865621797454 0.1405176079497076 -0.36231893663993314
0.08882166693009336 -0.02098229262796164 -0.2007209393625754
0.14961684163297356 -0.07332697710227244 0.10083902250003825
0.5793976536329939 0.06350486659562644 -0.09442959624336549
1.5926850657462028 0.06844834882452214 -0.6364542427842331
2.9423251569088325 0.6030433430376326 -0.2855400162134878
3.6250510622893652 0.7779417028241041 -0.5494887652766236
2.475640917132762 1.3151437035073141 0.09680064038178175
2.278101594326299 0.8078427393656346 0.7213921165739575
2.1832445330464534 0.33417854211173037 0.013735781332055289
1.6974865015066307 0.031818103021929 -0.2256737010090092
1.2888326798651937 -0.09321287085804021 -0.21936216750878232
1.0474647305654836 -0.09748772516608628 -0.17880683005919454
0.7594386462247558 -0.017750913920655885 0.11236874977693709
0.35066327441073153 0.08450765551946893 0.284154629766536
-0.10594545537976781 0.02972829661505203 0.16063691474662603
-0.31858035108829214 -0.07618361010130882 0.04453600363018972
-0.5705015474193532 -0.15246592873203388 -0.24007851814839934
-0.45260644562618224 -0.11712256479021889 -0.4208770579147823
-0.19222721316657576 -0.12365527473704069 -0.23669214257672092
0.03222282838685994 -0.1130469630301887 0.06413219600985046
0.10430085707147702 -0.004685290083769687 0.10168834413382757
0.20524062753335745 0.05116966548209634 -0.046510480133378884
0.700673522558672 -0.06384585969724625 -0.3711005287228565
1.2807331759571312 0.15105046065679922 -0.44328277240443986
2.7790197468044644 -0.14429963341202143 -0.5565316392447982
3.740871755390475 -0.7605460580320497 -0.2907441379064207
2.6879343098815602 -0.6437401151259605 0.3426065985836142
2.3616588743352724 -0.09427143825873259 0.5039502786374552
2.1208109803041815 -0.009006031621399764 -0.25732008382067273
1.8370680099728247 0.10162379609754606 -0.27186317447854264
1.6387771563173967 0.15919085518500203 -0.032708519219101326
1.288906099432528 0.11473867222751909 0.11538710976735175
0.8003950380609077 0.09689832919498503 0.12614215863725126
0.3420748165785462 -0.004234881432497336 0.18211835846084035
-0.03951430916775862 -0.10116981843952828 0.10643695859442318
-0.31910570888121836 -0.05162088990633907 0.0028429688017824637
-0.5890106203443581 0.1375054682281921 -0.1322891099407035
-0.32590476870287 0.36146268093589556 -0.17855353255189083
-0.016933101517847587 0.23917372395262398 -0.2213728439375322
0.06948662387257627 0.10549698418930013 -0.2501483177231777
0.06462849189070682 -0.019487592602978592 -0.17334645368194032
0.16306740834025893 0.04732829253618718 0.021384876588845327
0.6560878587489102 0.05036480347519286 -0.17767525097765294
1.5571352092712598 -0.09431610182886103 -0.7674909372721572
2.570587305552865 0.46032019089087506 -0.30510337373109064
3.5861565366358548 0.5689352633162191 -0.17444101706495083
2.7112157566549233 1.4408685942702146 -0.0854008249504163
2.049298690174525 0.8368598858937558 0.2561977841566692
1.9981303503235048 0.20273681634401147 -0.011463547694676572
1.9335254138773181 -0.11161609724013809 -0.1109501205814422
1.6653015045912725 -0.2677077289390363 -0.05007673364502659
1.1796894964131484 -0.2234934457740411 -0.055965186888488935
0.7560529844544264 -0.02194092783978219 0.008763543105953614
0.35664523563092393 0.28633661851906617 0.2085151402364722
-0.17687569149505694 0.23435709442062277 0.19993004746778972
-0.29858361418017365 0.08957901016147206 0.12865137432252605
-0.2719890074592241 -0.13256341360199458 -0.06720123589605013
-0.2618378345306501 -0.2787005756298022 -0.294819433751587
-0.21977627426287266 -0.2870791758653567 -0.39025650961337466
-0.06538002273967156 -0.19938001254250942 -0.32117206181519686
0.03497993708350966 -0.06594902438651323 0.0073868242468121134
0.06362356156281707 0.09952318069881153 0.2388918743913569
0.4363200481306053 0.036153528473025956 -0.12975603289604504
1.193466576251829 0.07304084473291084 -0.40467947770135576
1.9940032528947196 -0.02016356248056166 -0.832350598828346
3.332557703191202 -0.669959058394049 -0.7351739890788395
3.375816818179501 -0.716778104653475 -0.03457307031453147
2.5325037602035354 -0.35411215858626544 0.47323061392014604
2.1613942579780048 -0.10305996441190417 -0.05480342420704318
1.9513309845869895 0.14203606736245303 -0.25859452514365255
1.7024897391056069 0.2277796189320512 -0.1086165000280422
1.3991045871933843 0.06820698199691026 0.051283975669571165
0.9187039406933052 -0.011622929338765022 0.09999469747569252
0.43911315280957314 -0.027755553629424935 0.2073473612293699
0.030879862134368007 -0.09256851218305946 0.14135173581192356
-0.32879444050720685 0.013575176028511266 -0.05850479011691047
-0.5343766729719119 0.22425344026757354 -0.10348120917948536
-0.2959807885465475 0.41036929022652996 -0.03285362483620809
0.08890446788658718 0.2461127908103175 -0.1606621017370866
-0.02777258289018166 0.0857111245940255 -0.40435622766184176
-0.04714515150433635 -0.021852314500874406 -0.40308056267940634
0.08011981665502492 -0.041807752902367275 -0.025300484875059273
0.25385590390194407 0.0927837742756191 0.15790438121070907
0.927632983740625 -0.007113846216597922 -0.38652343052928373
1.8799181167880978 0.08934896218382425 -0.9395228747839476
3.342913941050206 0.29520090958686196 -0.10676184017987794
3.6474105836345747 1.0562585592429627 -0.22621506834647917
2.4340922741201125 1.29079359414275 0.1422002416727425
2.121673048390633 0.4616988472108213 0.3847267925336379
1.9463332534555633 0.07908296920966895 -0.03420790993866407
1.5463980054350877 -0.13167768809940195 -0.1851242779134567
1.1894046386890529 -0.12303202418766858 -0.1373662769651206
0.8774100227906574 -0.13684744535595744 0.026622343001942557
0.5635518755130448 -0.02459147619217572 0.2874430106101472
0.0056364813672354986 0.12620813427623093 0.23619146191614876
-0.18657237690750667 -0.02055737688201374 0.11371375546185497
-0.32544487669081695 -0.16244303610305252 -0.07222109486929787
-0.43377422463328463 -0.24074643226789985 -0.243512922353709
-0.3319025355243636 -0.10202536034221676 -0.4132082821350819
-0.2440201291980442 -0.021875462058909008 -0.49506314592648876
-0.047423432058858024 -0.0008188321190212765 -0.16221614924566494
0.18905406025503105 -0.03702253062972575 0.2950894546047835
0.3862347488693897 -0.07167350726292873 0.08507890054197918
1.0758478175523754 -0.044641442286611634 -0.2701968562149154
1.804171760998914 0.2391094818312064 -0.4799131201786543
2.794055054478339 -0.23534366985667887 -0.9344759933310559
3.3124602183212417 -0.8656079293132721 -0.05955948259599354
2.68757679737729 -0.626751235131263 0.5337219131915588
2.256164439436505 -0.1898504586173668 0.2819814105734374
2.123327639917811 -0.04195398020730831 -0.0963042425293041
1.9330043388924862 0.19424237634666275 -0.022132124629715554
1.6272637444999056 0.18931663717987285 0.18897594999311693
1.2191611814432044 0.07809659771685541 0.16749052938567197
0.7328791177415326 0.09031810047263847 0.13763619584669587
0.28032681904625945 0.0654149990057767 0.16687584445248888
-0.09349135535580448 0.03323234743770809 0.08609280437254313
-0.3705159254179562 0.0784761360913258 -0.038945103577674334
-0.6360823522813601 0.14674297542993786 -0.20830059194526163
-0.35061575563520675 0.21742368698791126 -0.23157275930108653
-0.10585337500573591 0.10900633753626365 -0.33061677535141976
-0.054694824430361035 0.07219825322612716 -0.40435520794562874
0.009047534071267967 0.09332228640769274 -0.27174855837620393
0.22024330428841654 0.1587795016646867 0.040292964467988565
0.7904773801451056 0.12314001213462294 -0.006421051021500717
1.7718535891461409 -0.06322780970056033 -0.4934410833465047
2.7939879571515247 0.3767152901347555 -0.3666074551452331
3.4131330270785645 0.4838049690771059 -0.2890000152957432
2.4946826898074264 1.1165615169298386 0.08003976893230615
2.159291399203602 0.7161825903850959 0.49861369580845655
2.0817162843580634 0.2496939321786747 0.12112444106805076
1.837386569317759 0.12426373940132462 -0.08046274721744939
1.5037142143341509 0.11656131298659583 -0.020464684678254044
1.130873335950605 0.050497774469365174 -0.0229937848296819
0.7934149786114525 -0.040011930679691846 0.06790422825327712
0.2270918203463976 0.03256963387089373 0.1403656702339739
-0.0013916067158509786 0.018590242335558015 0.20492308790463618
-0.22259446396067975 -0.09194566952017254 0.07466229548316704
-0.4148037301219071 -0.15075209169288187 -0.11446691785676046
-0.42900225867141173 -0.16685086140527092 -0.3100080047722719
-0.2888949845258065 -0.13353459132323475 -0.4922705511056273
-0.1588789239954521 -0.06671952195703935 -0.36591262051770995
0.03074525959425492 -0.01905890390704267 0.09831940570939109
0.18777288880504556 -0.0007219590787883733 0.3693156174636599
0.5791820856255704 -0.1191127449230879 -0.33719843167646446
1.4023751230032682 -0.01263346810582615 -0.48845375332045093
2.5118698026339272 -0.13088190156679397 -0.5181083244533047
3.6197737249723403 -0.6031633636359002 -0.29749425134984936
2.7682553165454054 -0.619575084254052 0.07029913375107708
2.358134021301872 -0.2358069269322348 0.5433041864449124
2.0870745871423986 -0.01313282313532144 -0.07172479898844152
1.9108023637021818 0.2004760035282181 -0.1761015229461641
1.6303458367536316 0.30577761009111165 0.022212478267298212
1.3359761998235893 0.049459805336174945 0.11033278438610536
0.8927373771879287 -0.055906349263000116 0.1258258426679855
0.4401470430779114 -0.05350644715575656 0.20087797565937401
0.04018671003859626 -0.0024667954908149064 0.11063757756216445
-0.28494531771807907 0.10699362167508784 -0.02959522364925841
-0.5869275440644869 0.3014075142887735 -0.12227243758062131
-0.2233122422029949 0.2597964646438896 -0.0334628033018411
-0.09831206375265764 0.1381538037964035 -0.1736809205997971
-0.03871627925948209 0.057923347932270455 -0.2676925351674629
0.09961995176742312 -0.004977948636894353 -0.1373337480179266
0.23010212457872975 0.021269240770293626 0.0672119429162864
0.489657732253114 0.18393019022805954 -0.16432349477140515
1.263473153421403 0.004417920492726875 -0.6243069753687549
2.0404028898757476 0.3605377983307246 -0.8738067535804787
3.3717589594815767 0.22597665869588493 -0.16842367169216807
3.12713831940571 1.238591873881499 0.07455583711053214
2.2259021174407163 1.06225897732661 0.33131252772353453
1.8883219040141128 0.2942232056818587 0.16400371176701525
1.7619671345464556 0.044768294983506096 -0.16373042782193717
1.5740080455609204 -0.059903942732737483 -0.09769197432354576
1.448339341161355 -0.07813137003971794 0.068232576873856
1.2652453182279373 -0.02611136320761932 0.10923312242202994
0.8718560364650518 0.24442352893189825 0.1407487776151897
0.1790068983801808 0.12392346010105389 0.08373797372191319
-0.08734001927263643 -0.05347279652072828 0.10297899894459372
-0.31920186812010215 -0.24248494643940594 -0.03255811107768708
-0.5040204351129081 -0.32034048324351333 -0.16715626641105782
-0.2887936247342365 -0.09866570133531839 -0.21523863908674218
-0.1376856520830253 -0.0014395333778609413 -0.2462291404302183
0.03395756960837799 -0.0003282466489575951 -0.09015413010559162
0.18617417772633876 0.020715025008540125 0.15416487791447642
0.18625677473959 0.11641855271677892 0.08664977336807167
0.4555905431518409 -0.022429473877419913 -0.38152223236273347
1.2502491676566414 -0.033579152921741885 -0.45013567324213677
2.3569839853568753 -0.18269072517118487 -0.23155623989843627
3.0636891293153115 -0.5764885052489892 -0.9205755278306047
2.9534415932046114 -0.568264392019701 0.04170384382026482
2.708572244344399 -0.317419812066302 0.7823639061249255
2.23105443755003 0.1740123283690149 0.11429285229920513
1.7105957691974323 0.2713315964167172 -0.18441812443596947
1.5489364869756748 0.35117761926855756 0.03541372436051047
1.4865068091550122 0.16732533535916955 0.36325860513019226
1.15431365450995 -0.02131257870934519 0.25516664712210596
0.7100521584842938 -0.07979575084254052 0.11760529844544264
0.19945802083280226 0.00043735628374623345 0.06545517582456803
-0.09169900016825318 0.1959902719073282 0.006471730917285719
-0.1344143005001708 0.20791728062080322 -0.03021327364594434
-0.2400242692458689 0.1752598491839721 -0.02889926733390098
-0.26381292286356706 0.08784171964942157 -0.12421734231363413
-0.12900246261465434 0.05548449266569114 -0.23058210500017848
0.01979911590604335 0.04766785803510883 -0.3087659904248648
0.06790657360056697 0.07087721087221427 -0.21573167187571698
0.14853696216342993 0.13927549163067918 0.0011265824720980153
0.6059109889717692 0.20576363997899386 -0.27985581212748495
1.5591564907486246 0.02231057496698669 -0.586940596432013
2.608719899252038 0.341633687344812 0.06248045968806882
3.177243401161457 0.3652334895198666 -0.680830354912228
2.454878781235182 1.0388654637414407 -0.0665052795806927
2.1774001315433913 0.7772923475396797 0.35034165591715827
2.1926370371125716 0.39240729504978766 0.22209623061901876
1.915515186123702 0.18765735495811517 0.03312150428535739
1.4824751571637613 0.056331570923811906 -0.055926233729153174
1.2352480204759015 -0.01967573024427302 0.01896152100870328
0.944818261077942 0.042401635624805624 0.10190605354529836
0.5728023331106953 0.07489030402838891 0.1291282955953358
0.27312354371778336 -0.013880581034298154 0.09465189437779467
-0.01657620084330531 -0.1080353637582661 0.02186098208868472
-0.2715081092931837 -0.15966023055783576 -0.10989563204560172
-0.45932617152646427 -0.147226524858132 -0.2622279779537355
-0.36827326355075385 -0.07879561318085178 -0.29391657701661633
-0.22089347534581125 -0.03133526739508395 -0.18657135719129367
-0.044788893251008245 -0.002228283868599369 -0.06623301535182759
0.03803786206298788 0.0349734108997466 0.03771216470456272
0.21750934314980142 -0.0068916500537900315 -0.04305659934840134
0.7581605339234092 -0.11804469416161484 -0.3468846140119205
1.5323096062365844 -0.00946317039967777 -0.2694524633794415
2.6932790504402626 -0.218785416018722 -0.500016111516165
2.99766087297905 -0.6409473163618565 -0.4698850269969868
2.5944104255785616 -0.5813965013536734 0.1558893200022434
2.545710920650783 -0.10346468977683512 0.3608215853527963
2.255947035939898 0.022196264779511865 -0.030673471572861277
1.9043063635390274 0.060221176446594915 -0.23183594805565613
1.75178047549367 0.1232989858922262 -0.0426473872321333
1.5712603182534302 -0.006520983210372555 0.15010661133006686
1.0983672303997798 -0.022929950594749483 0.1351639958599522
0.6167341548846956 0.03865448445697563 0.1922152824868839
0.0963091371671264 0.1434970147807865 0.08406448685330872
-0.15264295146660684 0.1283864520503944 -0.04892639178516619
-0.44129004298103836 0.132469395767158 -0.20546363946913576
-0.5821277398499998 0.20640657105127647 -0.2556054310085503
-0.3933336052576568 0.20784957146426147 -0.23748772516608627
-0.02645194842275395 0.04896514100125935 -0.12167957457439595
0.15390536013827352 -0.039256524909117796 -0.0727514492716677
0.16449878398841603 0.05944343889095666 -0.038199079196259686
0.35391820856255707 0.2637069743490387 -0.27649421565978194
1.0536320761931954 0.06397454788332407 -0.5944445860716963
1.679861318595035 0.21815359985316085 -0.6873789724319722
3.0575551284077647 0.23411297435923584 -0.1759206252899818
3.4367666838318898 0.9974019670325749 -0.08758362947591686
2.2805305583456126 1.2078890344817037 0.12223195484696608
2.107530910147706 0.46277036500741847 0.0810026869522212
2.005964320129708 0.19542738855776437 -0.03174366373838161
1.6703443071793123 0.031820958227325336 -0.05511301004930328
1.382546945185155 -0.023186103307449538 0.06114697679635758
1.070087542636884 -0.02428984413637685 0.039256422937496496
0.6846966089337337 0.1349138594729087 0.040916215017360674
0.308535942447217 0.019382561833041864 0.13741930220819548
0.012729627344709967 -0.1293607908918948 0.03783391882039229
-0.3054494654137754 -0.24447604431686665 -0.10171138972024087
-0.45178465633014336 -0.11749843218632255 -0.22507655519468936
-0.3108392774290915 -0.007812249850866504 -0.16587478904620845
-0.2598967027476254 0.014520554929563103 -0.1250078263219346
-0.18269021531307839 0.028013745774550944 -0.14946867686722787
-0.03019400100951905 0.006166223939877533 -0.052705052183977204
0.18013042170363988 -0.038371105321389064 0.05785992158382323
0.7332080781918393 -0.15179505743551572 -0.29871403588381357
1.392569735842515 -0.019188509837712166 -0.5315737790172995
2.7190143423085353 -0.3975159713051858 -0.5584088348212692
3.419382969719527 -0.7385054019466383 -0.48438212845365136
2.702167406810685 -0.4379865703374751 0.1050127209597569
2.248197600607751 -0.12058929399947996 0.46528090632377006
2.0090179623010918 0.01218989155318075 -0.05317014474871644
1.9428500048436521 0.1077481097010702 -0.10279483819652992
1.7369775611447333 0.2149199777701866 0.07633738330622589
1.390575782759658 0.17725502592628473 0.14689124216730487
0.9747430570072348 0.10585928935977118 0.031186388827989173
0.609822110506646 0.042930664396098564 0.09586851779149863
0.22639331474050772 -0.009333462497386978 0.14941789499982155
-0.1256365833388568 0.07521763293275481 0.038200914685443045
-0.14441649289002872 0.17868670748930573 -0.026336210632580955
-0.25522028419490855 0.16940535249040195 -0.09349186521391098
-0.33535539659312813 0.14635058863118394 -0.24127648075540578
-0.2877635074158862 0.11594825959935351 -0.33855893704781964
-0.031134995130855082 0.07210290976021375 -0.24218137692280242
0.17239006184578834 0.0938552920722163 -0.00011563581855169707
0.2687606879005573 0.1595243023866458 0.047350828264493994
0.85743143683113 0.07696695609611845 -0.2397877970560793
1.6527965207282815 -0.07419118659277123 -0.7547017585006093
2.420743373119261 0.23356610055421576 -0.5182527162690623
3.453130885674517 0.4398069677208833 -0.09537038642145891
2.820460809756645 1.4080540245649638 0.28536217770594446
2.070914124599124 0.7121062748237166 0.21481892389348042
2.01124379885078 0.11510077345474753 0.11477650369902057
1.8372509470614329 0.020804148205554394 0.04266023565641682
1.5054855633677147 0.06068575915322766 0.10123599802175055
1.265380430626157 0.08081179607715173 0.10193990812356922
1.0121507344506024 0.13683337327221834 0.08993071028332815
0.48933162700820365 0.1123073628609158 0.06456710497468555
0.2614534015183575 -0.046812520075662944 0.13691607225709088
-0.03420260741435659 -0.13897804041135353 0.04463338652852911
-0.37530022994600604 -0.2160431951787818 -0.18100676581707312
-0.5767838150642676 -0.19814523818021446 -0.3804678457985143
-0.3126605925570914 -0.023490488597023452 -0.3464686717686468
-0.14051495668755384 0.004039605777712063 -0.10181427908613035
-0.03331259910366945 -0.02739386028868166 0.040197315087211236
0.04142505340763666 -0.05652256377050267 0.0818347753820112
0.2023149597467025 -0.040983924173902404 -0.0887505927100488
0.7641856291394105 -0.009106575639999389 -0.3360743984948989
1.489489581049594 0.11324692937955368 -0.25490223470808077
2.537884496744556 -0.3063497728582136 -0.5581612477247582
3.5516561720873088 -0.8972341217439188 -0.01783891542983588
2.737966583899701 -0.42912268715616453 0.23081572198457173
2.329883497422667 -0.062224103032126166 0.2265849194169263
2.1201775325926797 -0.04430259058903908 -0.1580832394344654
1.961050919529095 0.12519025355243638 -0.008824318192247098
1.7033930037270628 0.16158616856928718 0.21661352245670032
1.3617598262403574 0.11358129432578914 0.23418700575629806
0.9093460050068066 0.08246954872458995 0.08907557626712487
0.490736388063202 0.009567283425022817 0.17241137391463957
-0.03305022612207023 0.06759729367317076 0.10024014316815631
-0.2144844569756237 0.05166881656834903 -0.08701646331825853
-0.39294172831700935 0.13679309448180574 -0.1158519983888484
-0.3389685570505728 0.23626488148348315 -0.09314210255285954
-0.21141317371375548 0.1889959364308913 -0.28217638031335884
-0.05328649436861722 0.0760173963585934 -0.3944030836218281
0.10638658461350207 0.01719476069809772 -0.2545046473566407
0.24595320522298644 0.057245848480367914 0.08141944496846529
0.5092247607490835 0.16588845324346235 0.055214165897630695
1.188752428199232 0.08023412684249974 -0.358826510582105
1.684400075459 0.16301642252961002 -0.7204770232444311
2.7029148587947978 0.26337699418251903 -0.6877396460565025
3.26113300668424 0.87637541872097 0.1880955270148318
2.4343850346448583 1.0542656258763186 0.38336159646770307
2.104606567992128 0.44306088215649586 0.23324856092549442
1.9838962336781676 0.19168156302101125 0.07992851789347026
1.6236791360964244 0.1597643435831808 0.01015708728260925
1.372944991408891 0.12631010589752872 0.04040360367709667
1.238594729086895 0.09609989140022332 0.09705353000260028
0.9407761060096975 0.2051505865917515 0.17650359704894128
0.5292886969556373 0.14470629623775705 0.18341350002294363
0.21148761299730287 0.04925066154089317 0.07429999031269598
-0.18821779098876784 -0.13633126500894802 -0.052277587147496855
-0.4912314602846028 -0.238554960154589 -0.22118715361514893
-0.4954552268103787 -0.1827025538792554 -0.27122014143463874
-0.36046825368499946 -0.07976883033451791 -0.31666389643762144
-0.21404373562837462 -0.039881508976051964 -0.30148613440879407
0.006321424747492773 -0.03867579652582687 -0.1311618136672564
0.20587784819484742 -0.09663432466744507 0.16286111975037348
0.600662917510057 -0.13743347626355584 0.004638383137972702
1.1201091096347886 0.01749047839986132 -0.3357830655728511
1.9155864642869889 0.08523970978876579 -0.5422563260644563
3.0802623729815997 -0.17458051424288623 -0.31126133796964306
3.2056388267145257 -0.7769251477313864 0.14458882493002198
2.4830860691469567 -0.3062730901989976 0.4645019451086763
2.1650960317743575 0.03140042726109324 0.11172826602356564
2.0676413454135716 0.018438814477930793 -0.08550442811765487
1.8446499059311794 0.19142245313129358 0.12173606685259494
1.498412505799636 0.22925606603682197 0.27360974440813124
1.126473464434848 0.17933453319941062 0.13572534963519653
0.750850392335813 0.12607281793476874 0.13200134602540115
0.2458862098677938 0.061558840174779354 0.11855618381404455
-0.015611243390964296 0.08259415804581585 0.07044842020465705
-0.20890579351766403 0.10152223236273346 -0.024130156577424504
-0.37075943364961533 0.15439839292724836 -0.06493348901000852
-0.4171882345143347 0.25147731386355177 -0.1588728056981742
-0.21941203163159695 0.2539253465760479 -0.3040214548291211
-0.03127235090474321 0.1408083290420276 -0.40028133970316065
0.1398988441516726 0.014785783116558662 -0.23374271540230354
0.32213314434592855 0.040645174447951134 0.2220980661082021
0.7709872382515947 0.15500247281181648 -0.08366190289242505
1.639021990180133 0.12074357706250352 -0.7267890666027645
2.3413531634146216 0.4479338000234535 -0.5881842423253609
3.379657579295682 0.29401018696496767 -0.16843040181917374
2.587857219335859 1.1080471924663369 0.1248973910560691
2.1338190921466555 0.6915950910861508 0.2995531603554731
2.149853109879521 0.17894591935064474 0.085193210729454
1.857469472245874 0.17250814498325118 -0.04908607934411854
1.4402473831532687 0.22375663452861072 0.0370015244757384
1.22658757067908 0.18791972793971437 0.040685759153227655
1.0470005557453361 0.039630862730901995 0.04642013327690904
0.6742328929858821 -0.05231235947035941 0.10731697368622312
0.29279233989180814 -0.01809231490876089 0.15185195760019987
-0.10835096592618275 -0.08999066959665127 -0.028233392646826387
-0.4585411939857138 -0.22808951068917524 -0.2014698189493864
-0.5651337612742374 -0.19677504550483602 -0.21316494419603027
-0.32519576001998646 -0.063391372181122 -0.21486470915144315
-0.1619907919625968 0.003935084865881826 -0.1461446059561624
-0.06322791167218164 -0.002751806172342237 -0.1000241672742476
-0.007293418241703335 -0.046837911009366094 -0.014862771690638496
0.2730640942625667 -0.10401513258860061 -0.049264325738147076
0.9110026359664107 -0.10130635844044603 -0.28770670922282326
1.8582331377177732 -0.030117318350303113 -0.23274369942844908
3.015320012440538 -0.34161543442459963 -0.6385033625142124
3.1750261302279577 -0.6158609718915226 -0.26619671345464563
2.4988142739875494 -0.24047345423768568 0.19726308168436726
2.3027353887413136 -0.057555026436142825 0.2153294958013185
2.0489477038540174 0.016395711073608217 -0.2264165642701636
1.770194612839247 0.08294657196902103 -0.17703996777696768
1.5524473698969579 0.09691566437060567 0.02494021913701417
1.2805537059036471 0.015776233474224122 0.0604115574635579
0.8681040926310207 0.03323520264310442 0.06469977005399398
0.37502745585903446 0.1587621664890661 0.19071527993759338
0.07276562332702809 0.13602045550723232 0.08860059245511974
-0.19955183472439622 0.08743699428449063 -0.04876497070865179
-0.36839756695711584 0.09100100442046978 -0.087928497499146
-0.39936379905472313 0.11902637495984868 -0.14221074474973616
-0.22230211132241898 0.1290371329658956 -0.27404026859325054
-0.022942289160926516 0.11061279845818908 -0.26007658068759465
0.03597650573845299 0.08846293076636773 -0.14910994070350223
0.10464144228661164 0.06680772740946195 -0.02068892027348789
0.5539879571515247 0.15461763191303862 -0.17408870511336696
1.3284501843137055 -0.09756216444963367 -0.6285861124848955
1.9815433404883422 0.2281879133037276 -0.6388135601862002
3.3625412347743624 0.1481398846700963 -0.1513475039896397
3.0062341370396624 1.0470404266492634 0.017900404317478448
2.058392213446998 0.9247806335496833 0.1503307449536794
1.9716279259482088 0.31012160115839765 0.14643869211198524
1.9462958298705473 0.17696807778395274 0.0963502317305094
1.5895627966736858 0.23148751102568155 0.03566518637863083
1.4411942916286398 0.2194468039544595 0.07092615725043722
1.1881043985458848 0.09529288798927259 0.045172000632224055
0.9754409507833971 0.010595259339325865 0.0866064354290201
0.6106316632081292 -0.03277469880132359 0.1152368035975588
0.2481830186659053 -0.11320420327022991 0.10631775376912606
-0.14494327828565312 -0.1909172857193843 0.011317830247842027
-0.429645393686937 -0.14954311615077526 -0.10763757246358338
-0.5229403517001219 -0.10802751194342615 -0.2941439737321104
-0.38942319752412907 -0.0543221181545176 -0.3624863740421041
-0.2699668082372676 0.014788332407091107 -0.35016810021770944
-0.07395043159488715 0.05459407646851881 -0.067295355702508
0.28348294269704744 -0.006679549081490622 0.34369922450582
0.6852992612156037 -0.13491161609724014 -0.05372079150372452
1.1721348268776801 0.014521268730912189 -0.4367436382454763
1.8829010926259224 -0.09160437050368883 -0.42807921155542417
2.7940705541647763 -0.5057066378426884 -0.15174315388027512
2.956121203469075 -0.6671915485920269 0.0990393253557535
2.576203086680977 -0.30288273773408864 0.30105193924530804
2.319376341564143 -0.1676287009325305 0.05828442944328594
2.147936961143714 -0.0588541448914767 -0.08035037449077923
1.868416635650299 0.15766852085064728 0.08175187245389608
1.5593225005480975 0.16608607424553748 0.14027695492344483
1.2420323963840865 0.03566834749889106 0.018848128565820133
0.927463099019543 -0.0036273345128050864 0.1449119729979147
0.5252581666522208 -0.008831354234116646 0.21437514339759245
0.01740400646500079 -0.017053631974221575 0.05117343843208435
-0.2228887540597452 0.033378268827785225 -0.04919722841133313
-0.3184110781969378 0.12338678345816359 -0.028434276740783044
-0.4291617422871215 0.19692606547597805 -0.10884685392055392
-0.40166162756904755 0.2589895632045602 -0.3814569705251029
-0.1726025707045729 0.20895779904452594 -0.48965212381394263
0.06114952608689002 0.13292102807788592 -0.2555006041818562
0.31101640213528575 -0.015778884736377865 0.2662014041492253
0.3384393243360373 -0.11375219876308425 0.27656539185144774
0.9089689139512475 0.047570271193526845 -0.3450551411542168
1.7007363370773916 0.09047452493970928 -0.9005599261725463
2.660079435892991 0.3533629730845906 -0.5015717905706842
3.7722674919569887 0.5363062819617301 -0.0871707463812821
2.807479822365436 1.2331618850473913 -0.0830591486389338
2.2130399269883196 0.5982432329082816 0.22331836050027282
2.0698801323591645 0.1229617657405944 -0.006768060448777106
1.6759049216603021 -0.0013022795755941122 -0.18313195637654042
1.271738973043802 -0.03595866070472588 -0.1397692382210031
1.0247551406443587 -0.033757297344149124 -0.030643797831063614
0.7948041380083923 -0.04814957197411961 0.09760091366572683
0.38211132241897083 0.03791865723769075 0.17308265309764292
-0.09561389465311805 0.07095216001386814 0.15222191064226828
-0.3458227835193466 -0.051047095593296385 0.02118185109084142
-0.46851463037836577 -0.15235039488510346 -0.12322984913298629
-0.41079593949003995 -0.12102359113458726 -0.23745183115538945
-0.18483529033869875 -0.029854333538976104 -0.20464572509470616
0.044833760764379275 -0.008081047044607485 0.037030280472944384
0.06683627946342534 0.03361810608107764 0.03134179357884701
0.1040011624764828 0.06665018125455685 -0.09789561165127746
0.6007745764353781 -0.10926503953949615 -0.3214420826683934
1.1362330663376383 -0.01855618381404455 -0.43360872469191825
2.2393909235059883 -0.2787513574972086 -0.7314709916230314
3.766906028052393 -0.8502705816971137 -0.1596685922307822
2.9451844411700225 -0.5547819081949494 -0.09201093135780312
2.2344802761391507 0.015247612589416365 0.33690832241387225
1.921394359949626 0.1425242055136056 -0.2223152656615664
1.8061703028047296 0.11172857193842954 -0.25030637373618925
1.8118146359868048 0.05660720021617984 0.11966512519565806
1.5744308199028212 -0.0386324585867753 0.16564321149424116
1.0905948514528407 -0.04240887560991776 0.06626391275308083
0.5816724365609052 -0.057003767851406956 0.1575646117685448
0.03306970270173811 -0.01670825409288595 0.13022306292158894
-0.13052622455170726 0.06116227253955225 0.07120270428739682
-0.3007308306098413 0.20864566391173336 -0.033650940943135525
-0.4111178638984771 0.21564744331652502 -0.17847837946699435
-0.39461712205493216 0.21648748553277625 -0.353208690021567
-0.107636756690613 0.1561993137309887 -0.30416125792192034
0.22983383724309525 0.06422101329200085 -0.0420191400733176
0.27273503184063874 0.03708208205656366 0.04789494883573902
0.15260644562618225 0.04169527820407581 0.05115793874564709
0.48205911294886633 0.2618841296467193 -0.003976179429264836
1.206254327420679 0.10853675822018732 -0.6141252109537916
2.051999510536218 0.24034976266105143 -1.1685334951283057
3.236203086680977 -0.031429999031269605 -0.22189177751831668
3.1365207282813197 0.9108886316937997 0.030866503851977995
2.524949090668067 1.2522188514936294 0.25515247306674554
2.1679964105989304 0.4413736597105026 0.15830757700132056
1.9090167386416361 0.0742668495357742 -0.01484594637312436
1.5667224791340573 -0.07493048084718024 -0.04474157841872607
1.2968485670437917 -0.08108069524251402 0.03491946791208007
1.0810871194546559 -0.04458851901515808 0.11746753478506933
0.7625464353270485 0.09755104954291222 0.07392075785308949
0.41829921532837416 0.21914170486353646 0.1980972095465832
0.10530752091692881 0.07302769039376343 0.17784044500415536
-0.17660373318105574 -0.03827555791223303 -0.006655279835621747
-0.4539168829314802 -0.21194689317962812 -0.20586561160029163
-0.5767161059077259 -0.24687421290654815 -0.36020343338448907
-0.3207581590043491 -0.09449659159855814 -0.27881529370376223
-0.05342089296548771 0.011954133164740253 -0.10062355646423601
0.09186551982583248 0.03988497601117609 0.08313093666032743
0.1338376509817318 0.0318136162705919 0.1317628344031856
0.43523048135703835 -0.14938954688910078 -0.10091621501736067
1.1414719603534336 -0.10264718328889072 -0.39992556071645263
1.880213630546619 -0.03163965268465786 -0.6898314918958054
2.9373473102435597 -0.41916964508777205 -0.7309237099315261
3.480263902555919 -0.8043924275874025 0.15459224097933547
2.7069635400468055 -0.4209982002008841 0.38421316147716095
2.36129096072563 -0.008032304609627143 0.037787725675944385
2.0300231985438457 0.1640199252548016 -0.22881289737066177
1.8055104444433117 0.2760146431248184 -0.04659848164255888
1.5899609958548537 -0.0023269923980156326 0.20038300540959453
1.1731395532623272 -0.0960276954923445 0.1718651119393473
0.7190309636828072 -0.12261271688089206 0.18724763298374061
0.1934082484844468 -0.04535065491273779 0.16608158749420038
-0.33015096898533136 0.11218897380858908 0.03437901831920177
-0.4131684112311544 0.2763417680859417 0.004161053978677735
-0.41316310870684686 0.2749181422810032 -0.12418460942319753
-0.2960557376882014 0.1787392228742741 -0.2630556816038097
-0.10291740808532986 0.10016091121840792 -0.32844896065424994
0.09609540464888623 0.0270593933708249 -0.25143203846369555
0.2563458469507936 -0.03752902367271188 -0.008286519861522538
0.17803470094272766 -0.05869384550279658 0.1191964636241734
0.48020190381016964 0.24419939530828572 -0.15928038626850147
1.4963390148521667 0.20645816869165312 -0.6319781984673666
2.4768985331382276 0.5435166953036971 -0.663572473780547
3.5411984724651133 0.16469314189860965 -0.18196611483024275
2.7195002370840196 0.8786695762569277 -0.3759454043939572
2.2444752285438963 0.8327399264784612 0.35683561664788693
2.1686542295279225 0.15612201924204494 0.17280998098229264
1.8288961062136408 -0.05080389327650115 -0.1963593072048049
1.4533731702467205 -0.11337816685616395 -0.1525383285831553
1.1490097025997665 -0.07747314322424069 -0.06464256397444591
0.904522033518072 -0.026829039478313183 0.01973619941570261
0.6269629282170772 0.09247683969551275 0.18139446192124734
0.1502347896580382 0.09144662040554115 0.2788312012766847
-0.12381414652302265 -0.034819331779965636 0.20262372981599222
-0.35490794511887347 -0.11906002559487695 -0.022900174881330528
-0.5329134821779099 -0.18289099743541373 -0.229073230919835
-0.4084336649110553 -0.13104464827438525 -0.3887614017019064
-0.20243589808956167 -0.013099580386778359 -0.3722628012624087
0.060044357655264544 0.03375923480495378 -0.0446109527718436
0.18358889121157582 0.0701599424880056 0.16719848266227508
0.2555850366842908 0.04809042843376689 0.060040278790412634
0.6943563806192737 -0.23080909382918735 -0.3626290323402997
1.5962258263525262 -0.21060402889875748 -0.34250503484880157
2.3850422927299335 -0.412277281232633 -1.0110786048242775
3.44324035220998 -0.7853419873249275 -0.5214101655509272
2.994320894495062 -0.5530738835382114 0.0480989940499559
2.442995926233729 -0.027382643410338903 0.14913186460208125
2.186816089082409 0.2665466800589396 -0.21106647020134298
1.943022132940403 0.30043817205671663 -0.15247235294417566
1.6816181876583747 0.19491018849454197 0.07618738305129683
1.3824005139369715 -0.009567487368265412 0.13378992826296443
0.927921257514034 -0.07428183936410497 0.0951813310355728
0.45208659430080617 -0.036740986983322545 0.2336149449608174
-0.10252451142846947 0.05701967542432941 0.16019374608046583
-0.25453136392142073 0.18000734195673346 0.030819087048074522
-0.3646732574324566 0.23267721393136293 -0.07825618330418645
-0.4003850448420205 0.19189407187979585 -0.12816272631326703
-0.24380976174330687 0.10935161344597799 -0.25452657125521966
0.0018212131563785801 0.012763991781087324 -0.27878358052953867
0.1641850173096827 -0.005365440797825965 -0.20479878449827413
0.16679783616219607 0.05273625550009433 -0.10649049369560452
0.26455456246526593 0.2568013541831309 -0.07942488005588046
0.897309580743679 0.11333778609413 -0.45220090448828093
1.6829956203188654 0.21928324147389786 -0.806506401268527
2.8170228365445897 0.2639560910198692 -0.09696257131640265
3.210652465418874 0.531408584990797 -0.2818818862710508
2.3424064282910066 0.9621318187148518 -0.07148577750811949
2.245239505845523 0.43683653439247855 0.36887917892450534
2.133723340794257 0.17210647876695917 0.0745071966471731
1.7901085487908714 0.14203423187326966 -0.05021082632703319
1.4121061728520954 0.15238863424309015 0.03236069401885456
1.1642163225974211 0.0894302335659986 0.08174402063905616
0.8817573789214462 0.06307373058077938 0.05890329521294225
0.4933453319941061 0.05036082658196225 0.07641233244787976
0.2748303447150658 -0.036266615001045215 0.12607608102665027
0.0015570046855959987 -0.18056991939143338 -0.010793900057613966
-0.2525128356778309 -0.2515052540877874 -0.19827433425277746
-0.39597518010737615 -0.15347524383963942 -0.20441037459275085
-0.3910152804474515 0.02029898079364513 -0.2023796097546053
-0.29154502302009355 0.10706122886000827 -0.1718870358379263
-0.1126958747380604 0.11509536895881878 -0.09223557483952217
0.06787863337633136 0.03193404475534459 0.010290568134888062
0.5171262357685856 -0.10246302254082688 -0.09560094425721323
1.0268927717416243 -0.06518464511326498 -0.40744943482228896
1.632975073037174 -0.1777963932637547 -0.7936218790310656
2.811289686080364 -0.5717214339249387 -0.49618238644185325
3.5983835458591877 -0.7921216725385326 0.23423636002100615
2.5442037800880017 -0.3639678177563184 3.120331611712461e-05
2.135986804872204 -0.08694844824685291 -0.07325009049981392
2.040193032279117 0.07195566273905973 -0.1614649243115641
1.9123864928390428 0.10944471353622287 -0.021255882487903617
1.619377463251977 0.03745998888509328 0.1436366139303432
1.2206189677412778 0.024388858580657004 0.025978596156689595
0.8747328598451052 -0.03560339157612437 0.13356783407177783
0.3651204029918474 -0.02504728933937685 0.25784268837982394
-0.03277204753916985 0.05550325544400994 0.1350855796831742
-0.21859493303013772 0.12517087894438977 -0.04141557004685596
-0.3662892017151627 0.1611327007693759 -0.10182488413474532
-0.45229900118796945 0.2509990669596652 -0.22224745453340336
-0.2949566875538538 0.2833414060866861 -0.33481943375158696
-0.017884292801313397 0.18531200766826594 -0.3163328965548888
0.18228365445896408 0.05515155532215385 -0.1130058684668057
0.281358058052444 -0.05878674164979887 0.10541408126118502
0.36618824981007786 0.04009330403348748 -0.09537191599577838
1.0504514793532962 -0.19872861782565915 -0.6249287983154289
1.8749046820269921 0.12098575966308578 -1.1084175533948903
3.254400228416432 0.26912401278724135 0.4225990526836382
3.277590716503597 0.9938876170761678 -0.13475447782882025
2.146969964258947 1.1874416849790705 -0.3208102665028323
2.1122698373042783 0.35566488046376693 0.28871357701151773
1.9975066918876478 0.0451285607215512 -0.04874855327762284
1.6876219708055251 -0.06756445881111287 -0.19065266936211653
1.4363499258156456 -0.10147165443856976 -0.048002732839450786
1.18760116859478 -0.002739569577786502 0.10472526295931843
0.822148338117502 0.21086640188035674 0.14465000790280064
0.39576766785803513 0.26351057700641917 0.24238287284648685
0.07448251951481903 0.11719261929405048 0.12670116706520576
-0.2351824527234071 -0.05370223266864831 -0.0197737249723402
-0.4529747671223099 -0.1888709192231802 -0.1525068193521743
-0.5187996920457036 -0.20193389179791266 -0.24186434715218755
-0.34267389985367075 -0.06824736275894419 -0.31127673568445907
-0.12056339320767032 -0.014111036898431168 -0.20965069621124444
0.07451555832011951 0.011320175595131876 -0.009571566233117324
0.1770909535876166 0.03649982409895326 0.06026930705184748
0.5828072787343282 -0.11445182605680841 -0.3656001794700535
1.1393049614292343 -0.04683373017289289 -0.5015252915113724
2.3287536518586878 -0.3883811495260869 -0.6058976306893792
3.9726684443719313 -0.9735659985825945 -0.3023073118751052
2.9136786772241288 -0.6081964789199166 -0.3925948208613543
2.1751739890788393 -0.15838007882406327 0.36155445539506353
1.9264530701105882 0.03993800125425095 -0.14373124359490755
1.90193603320196 0.04340727975404445 -0.3151890808787915
1.90404572407499 -0.011779965635563622 -0.08581952042746503
1.6373477181300444 -0.03788072379456797 0.007391005083285322
1.119605879683684 0.039890278535483575 0.04013450056849179
0.5902367271188429 0.033241218968761 0.25416742720500884
0.11657803633248869 0.004532842509929487 0.21030300867268642
-0.09652001447997023 -0.01953164434337924 -0.03017625794741324
-0.33175528850320957 0.13034236971850735 -0.0786923159284771
-0.3923818021444632 0.2645232571775275 -0.14964957452341013
-0.32523746641309725 0.2867029005827678 -0.32315673548051577
-0.1690415177456114 0.2131012119327191 -0.400953638602377
0.06319976750470345 0.17442092865555517 -0.16539062778828653
0.27830145870404266 0.06546659664615338 0.1427021459927702
0.10487098040615296 -0.004141169512524665 0.050475340712679666
0.07294509338051221 0.032065282231954845 0.023632535065491275
0.7418832119021277 -0.006440119714683405 -0.146370473097337
1.7209976903427777 -0.08937578072022556 -0.7626796102644635
2.6742047488184038 0.1676236023514656 -0.6307315953970011
3.2563853099682363 0.38874416849790705 0.05173285474652405
2.785626284205106 1.320787526831283 0.31252578607373566
2.3378212743393516 0.5677050776768826 0.36674980752856484
2.103025701947148 0.08518270765246033 0.0418020424915746
1.847424043888586 -0.02906323770094783 -0.021115773480240452
1.5524730667455249 0.154895810495939 0.10303212615928987
1.4033968786486721 0.2196348396241326 0.31139655233948393
1.0495110970616877 0.18226315816308322 0.18340299694594997
0.5405442225428664 0.12482213599955133 0.07224138722193614
0.13899914853696216 -0.008327818368148145 0.1461492966507421
-0.18793940846262486 -0.05612181529880235 0.06798142077059954
-0.4099295885954939 -0.16868798213457195 -0.16207175742990726
-0.39288809124420676 -0.16421520090958686 -0.28271672793461583
-0.2677940989022755 -0.04756914950569257 -0.3030792370483295
-0.16662101737086568 0.027197462946062113 -0.250512764297696
-0.048596003732161344 0.034751010793696115 -0.12072664977336808
0.024313909439003127 -0.018410058480724818 0.0012048966772547202
0.2848806677101762 -0.14890038902173525 0.04829253618717911
0.9100266655789694 -0.20459443336919336 -0.3641910336353393
1.5680951191283468 -0.0838856286295524 -0.45535906757149486
2.5777772225989506 -0.3627956539695003 -0.5764582196774638
3.226527203479272 -0.7006539440073828 -0.08607495933881602
2.7919020256662574 -0.357635889931832 0.2914199038407611
2.4019848776085615 -0.15654061274747239 0.2095498462777809
2.2857853599343305 -0.1388688288049436 0.0007065613639724065
1.9988272243834542 0.11260960674644246 0.014951181086303682
1.6471097673517463 0.1339059719680013 0.13125063094940678
1.384684984168906 0.021232429015005123 0.14138344898614716
1.0636589457154073 -0.03362952690266299 0.10164357859207783
0.6387861298200711 -0.032006240663223426 0.23240790687951543
0.023572881667032065 0.09017676780551973 0.14388002019038104
-0.08573651552772864 0.20774046182947287 0.06181244359694697
-0.2797907542330969 0.17307255790713447 -0.10418715871372998
-0.4378102614042513 0.15824669994340576 -0.21780903774479562
-0.3453506549127378 0.1881040926310208 -0.2762770161064176
-0.046223531991046896 0.12255724431890605 -0.2565767107014118
0.14581972437070764 0.07862695211922521 -0.18342624647560585
0.1206285530736796 0.03062003844330123 -0.03353989384754223
0.0921600138681405 -0.014442852554134187 0.09001759010467388
0.4277619778415668 0.0846761126378529 -0.15700866248922923
1.4684742496163319 -0.1812621027568028 -0.6605736923414214
2.6145494128983904 -0.04838125149770819 -0.27019828381761357
3.149024590456476 0.04357328955351726 -0.2071667694880515
2.628951884690491 0.9316084493685408 -0.33981910234381774
2.35781485012721 1.0821854557876545 0.3215269230573132
2.2173880988920787 0.23100946806503753 0.14092987921461458
1.931169869425339 -0.14390989787542127 -0.17394584287192877
1.560414310697333 -0.25010844681925026 -0.0324970300765297
1.326604395996594 -0.15859268965446918 0.1743863602759352
1.017372599205641 -0.09465791070345124 0.11531838089459703
0.7004385799432018 0.15831624458913085 0.0891935574329664
0.315286871663616 0.2736239184634916 0.19784003711767018
0.040839328414902135 0.11240709110654505 0.24506686789066603
-0.18139966247393352 -0.04316683067102425 -0.009166840868186385
-0.3780559110399576 -0.17492038565667176 -0.2534095741155237
-0.44596860293780244 -0.2279230930032172 -0.35472674154782724
-0.23022408263780192 -0.04925586209357936 -0.2902203096878139
0.05634727455349177 0.05284098035516716 -0.03755298700371687
0.09332636527254466 0.04723549836080619 -0.012405051674119092
0.1461457276439967 -0.025127133118853024 -0.11808538083851267
0.6550585572035303 -0.23237405230124458 -0.3463110236421204
1.4628816160462543 -0.08607699877124196 -0.17717854721031137
2.333747304125262 -0.1936628716228274 -0.5586204259354622
2.9888213610152294 -0.4740643338958768 -0.6748847975608389
2.634137957406454 -0.5622283858402207 0.050546822819209414
2.269602463634371 -0.30933978473790746 0.2977669234651997
2.2471996043501097 -0.025624244772679765 -0.13486256774739588
2.1890383566253515 0.18023728796275998 -0.12060458974267463
1.8764287498789087 0.21802236237655065 -0.05054050057868895
1.633768922108977 -0.027243554118888718 0.09248489545359527
1.2460481408024147 -0.13136279973283438 0.17661270668372991
0.8443005511566131 -0.09919942080119103 0.2534787108747636
0.43046218637353223 0.031331290501853334 0.19941764007076831
-0.040773352775922464 0.10226754294279902 0.03968021699561012
-0.06973237547990395 0.16200700545038316 -0.04190890875069469
-0.18482631683602455 0.1413080919580081 -0.08120081781240282
-0.36496081740451636 0.13979116211958215 -0.058023382092763594
-0.34011828708070546 0.1386235870557224 -0.17538129738493777
-0.09928181387119965 0.06617499349930914 -0.3340129401987427
0.02816089082408366 -0.0015800502720093 -0.3946928869695564
0.13779608734889082 -0.004886480092590232 -0.2127847939918321
0.23143387395287895 0.017443979340549524 0.25112398219575494
0.30544956738539664 0.2326685463435526 0.25778446258406285
1.0474111954643024 0.22295136463522203 -0.35138064476656145
2.1010074796184224 0.21469217316820732 -1.0847489203754597
3.5615868823706367 0.20310768713067154 -0.2667446069758786
2.7354344245996343 0.3701177262367883 -0.25647167993147507
2.326938149113102 0.9208737948229009 0.3292462767611774
2.247218061213564 0.3685963096470253 0.4225418466040901
1.9687534479154452 0.14171597844319928 0.022191981971417356
1.6949530165754871 0.0780735521304421 -0.1610120683413806
1.443346504667751 0.17927294234014676 -0.03392249137065155
1.2223395349074355 0.1645425298139528 0.1860441639091841
0.9205175059780863 0.05663881141878215 0.1271979728041686
0.6679037183951706 0.08614705327507355 0.0699605879683684
0.33621654693498804 0.0640841673762192 0.153855190100595
0.07248530334008045 -0.06280687084784305 0.10658838645205039
-0.19454788332407094 -0.20293545706229957 -0.05321399254587448
-0.2527148414596218 -0.27568007423534036 -0.181252925310886
-0.2148275914812908 -0.12087236722020263 -0.16291730611370855
-0.21302361152891153 0.05693391729081797 -0.12487536518586878
-0.2203940183446947 0.22757231062595282 -0.13134056991939144
-0.2032241387221936 0.13321215705669112 -0.10946500588886114
-0.034968210347060415 -0.08466469181626754 0.04271142541030831
0.4410458209480302 -0.33961495515797957 0.06247077238404552
1.2267898823757348 -0.16612798458189088 -0.1330239174437754
2.0002490146992096 0.26869297874401554 -0.13646607149230372
2.4459941978147484 0.043148373807569355 -0.8414352505697665
2.869789581559452 -0.571683194566952 0.0322385320165398
2.5429208751204544 -0.5139997858595953 0.5363243309386998
2.2639389597874913 -0.08121264652047336 0.17519846226795086
2.3574335782351774 -0.2096795541800717 -0.1295041629914395
2.259099794527183 0.13104903305410107 -0.031025069723096068
1.9272029694136124 0.24747268435194486 0.13068060958635214
1.5458618386503036 -0.0034738672227519083 0.18323066490595666
1.160302957686876 -0.15652868206778056 0.10201190008820545
0.7990584960205576 -0.13196453427011265 0.1682009656712537
0.40506064762176686 -0.00423610509195291 0.16356064507247633
0.0032263820978621653 0.08405214828713169 0.057446426659460675
-0.2527711297945782 0.1909032136356452 0.022016590782785152
-0.2116024330428842 0.17929976087654806 0.0035187347361229377
-0.35441807345015885 0.11937042721010745 -0.1431473540913564
-0.44997098907374083 0.13403455818245782 -0.3884321353367358
-0.2281830186659053 0.1306399229094543 -0.4333508384616561
0.1341600852482754 0.1477713592307261 -0.1409114223511597
0.44148134174259307 0.156101828861028 0.19234825348105625
0.5443740726955688 0.22239184634916104 -0.15069825067683665
1.1021841301565773 -0.03906624586377611 -0.6216829396378988
1.4201170634212499 0.23065012007158409 -0.864214181193374
2.5616382760677703 0.07839935146048856 0.22307148720511086
3.1231792712088224 0.6733901995074771 -0.13591491487918914
2.1182078487556915 0.9191696450877721 -0.3149148791891217
1.8943843208435092 0.26639249896753736 0.14926014490167389
1.8921217745101537 0.1283476008626799 0.007948993795026844
1.7788957493129665 0.11223241371926194 -0.11668582033620044
1.5897807100283992 0.16725201776345644 0.03778680793135271
1.3217180178756254 0.19882651058210501 0.06468161910540297
1.0453052775412603 0.2652434827387538 0.11622908944440763
0.6711001208363713 0.2219267537844218 0.15508843488857052
0.38489198656014034 0.0626101675903596 0.13712368647805318
0.034687278530385 -0.09246898788067281 -0.008545935666104124
-0.24384402420806292 -0.21522191574084937 -0.19229216908934246
-0.3564205921492049 -0.2523832297471614 -0.23299944425466393
-0.2963569618575151 -0.08198589732477453 -0.1891942712343155
-0.213139859177191 0.02208878669066399 -0.14697383918055607
-0.05906043348136213 0.019570495531093697 -0.10517149077411757
0.07436005159764038 0.006406163164791239 -0.031448251951481904
0.34081179607715173 -0.06751561440451123 -0.1905856740069239
0.8466048038830795 0.026442567033594554 -0.3377101252721368
1.4892326125639235 0.05729316331265009 -0.5010490840399117
2.6121867304329207 -0.3582226346407795 -0.31876155465933836
3.050252124833659 -0.635272493665013 -0.2917661994666884
2.3824160136234087 -0.4143973732110354 -0.05224373256922599
2.1873738738509076 -0.15981910234381774 0.09275991291623542
2.1377992484691513 -0.1560046499059312 -0.14158392519361862
2.0926052219667266 -0.010418542519616792 -0.02387298414851147
1.9092103827504805 0.05913344516221136 0.049572585949330304
1.5736053596284154 0.008427954500262578 0.06942635864438927
1.2042281513054918 0.025140491401243036 0.11703140216077866
0.8200357920390756 0.09957263693514096 0.24039697552171232
0.43226932744617175 0.15001096194928953 0.18451081663972918
-0.02571550937374129 0.07799391229420852 -0.014282043307347565
-0.14879352276261518 0.038192451040875326 -0.10442750582512887
-0.28480194561853434 0.05770135571270516 -0.08940800375255567
-0.38387889850254675 0.14912829559533583 -0.04392784488076968
-0.23820407580570327 0.19551549203856566 -0.15920819036062264
0.008714188841245482 0.11211484043990559 -0.2641618697516481
0.11867956947581487 0.042077977698806425 -0.28602774647815515
0.26937741226616635 0.14314867972243325 -0.21634533709268713
0.7067017788949336 0.05301076310462799 -0.39781994870827453
1.597350675307062 -0.18385666868910383 -0.8698688135092005
2.2671899170460863 0.35105097051490575 0.17197401763089332
3.0965148139272842 0.3581611457531369 0.04905467208475881
2.435126470303315 1.1533250396414678 -0.3190884756772191
1.9055601046228836 0.6899786369453381 0.0680060979029536
1.9930462492288399 0.15165790560487016 0.15309060688410417
1.7974693702742528 0.00972554338127699 -0.03930598114544723
1.585260002141404 -0.021523048135703837 -0.023946811602331072
1.3445736311584486 0.040258396088368606 0.060204351129080784
1.1055884527336044 0.031405729785400724 0.050068371972080174
0.7342221859656458 0.06844896065424994 -0.0555745336072971
0.6101232327043384 0.19462660541571283 0.08814732859845106
0.39031565315372735 0.2607673364502659 0.11430559875186735
0.11928711639550714 0.20751337102884268 0.03987824588417044
-0.10807931352704543 0.027291174866034787 -0.1433450770650528
-0.31924959083886956 -0.16376958492451552 -0.2211835846084035
-0.3541510097739799 -0.29815829054774057 -0.25800665874687073
-0.2627443622439875 -0.16530701105882234 -0.13122778930623608
-0.05276164643379747 0.013337378207644813 0.04548036281502858
0.07565080838002784 0.08854919875798566 0.08409518031131936
0.2901091606205993 -0.02633549683123187 0.04969974456108865
1.017169471736016 -0.17844513671845127 -0.34552023371895607
1.743373629119016 0.18355717803735222 -0.28047029311742544
2.1453808385126423 -0.2807719251732243 -0.5232913380206289
2.824643583690659 -0.6145104597390547 -0.3573283435219978
2.442539297313558 -0.5958536299347892 0.5822917102170466
1.9353872117389732 -0.08371268475983135 0.6595069672110252
1.750249779486369 0.1757500267675506 0.1489721770431289
1.7739390107733017 0.2454526265340356 -0.183838925626998
1.6861698949182444 0.25424319211963314 0.03987182167202868
1.7278979060127568 -0.023577164475126575 0.33216745779649526
1.6017486093620148 -0.2227584343277266 0.3756209306949876
1.284817853191457 -0.2646694844824686 0.2960683821692423
0.896253154747034 -0.10117644659491265 0.16111679319645344
0.8813884455955908 -0.035668653413754955 0.07337225250212866
0.560488648009259 0.06583349053958285 -0.006982914654851555
0.23743806498651426 0.14436938200098914 -0.052394650568746724
0.04140425119689191 0.12408090428433767 -0.04963723595723311
-0.10919998164510818 0.07796954107671836 -0.06730647060922947
-0.24257070457291738 0.025212483365879276 -0.1924247321970296
-0.2016123752759607 0.01814217903157551 -0.1675735342854084
-0.010163001636644523 0.020662305680329167 -0.0896648702666048
0.2551687885261532 0.14418919814615594 -0.031189651919870706
0.999336368688594 0.2515196320863904 -0.18954933641967442
1.9571978198467366 0.17297497106555246 -0.5720056288334957
2.4803877980757956 0.24534677999112847 0.1736023004797765
2.256335139930558 -0.014803118292179286 -0.1040610198181846
1.6497863184675705 0.317709513442409 0.039616586703920306
1.5323129713000871 0.48861721382939133 0.6246414422866117
1.3831286932846591 0.37323652827418136 0.4239058190105694
1.1815875961719853 0.3663486511703793 0.1493231633636359
0.9608854195877288 0.3546673940642319 0.11418537421035728
0.8287224485425707 0.1617557473755054 0.07693983164485324
0.7986824246812112 -0.0028008545221864757 0.08685789744714047
0.6970558753498902 -0.09444631958925831 0.10524368668199639
0.4889552497539935 -0.07907950217454483 0.13295335308183734
0.4412484385595489 -0.005833490539582834 0.2508088898859448
0.5948999913324122 0.012626228120714006 0.16366180092080373
0.7581517643639776 0.013473510322077366 0.06966864321659283
0.876670626564627 0.02221258023891951 0.1435812433399785
0.7523115436973891 0.09272616030958584 0.20629062931786082
0.577893776162094 0.14687584445248889 0.20593056752305836
0.46310401615230484 0.20523124614419808 0.19668459667674487
0.519628109497127 0.18605334135510088 0.14353657976985007
0.5484920946500589 0.14179470053484117 0.021943069243829442
0.6339961148812286 0.06511948524725569 0.012317967909530778
1.063074648325371 -0.0712457363115845 -0.2780232801211423
1.4320246975266784 0.07435158795307266 -0.5634732553930242
1.5623516695303699 -0.15236569062829816 -0.5868282237053428
2.0402502383586647 -0.35060239735281673 0.25000107070202365
1.9945209628160483 0.009507426083321013 0.18347335736464543
1.9785730091315588 0.12300398199181167 0.13679176885072886
1.5428925270097333 0.18319844187362658 0.08317621206018365
1.2794496591598559 0.16545028118674573 -0.11840404215506825
1.224254969841893 0.09510760555337451 0.020953332687513065
1.132176941157276 0.05225087058271684 0.08614715524669485
1.0356795643772339 0.08896034833505836 0.03698592281767984
0.9711168441822642 0.07715234050363784 0.025422952792237923
