0.101123 -0.168136 -0.076072
0.032025 -0.172423 -0.070909
-0.0049 -0.142405 -0.069606
-0.020606 -0.130019 -0.080727
-0.01667 -0.157085 -0.090889
-0.035998 -0.197681 -0.084716
-0.108021 -0.215584 -0.065733
-0.181601 -0.216021 -0.023941
-0.166471 -0.248833 -0.023647
-0.142603 -0.320572 -0.006051
-0.154381 -0.362833 0.008032
-0.161994 -0.364697 0.010309
-0.169911 -0.411282 0.021214
-0.177089 -0.449009 0.035966
-0.180669 -0.457071 0.029575
-0.180408 -0.478154 0.007483
-0.169866 -0.525274 -0.015683
-0.160668 -0.538968 -0.03026
-0.150695 -0.533319 -0.054724
-0.138807 -0.568967 -0.078767
-0.110888 -0.612361 -0.084697
-0.069812 -0.617024 -0.074852
-0.007732 -0.604582 -0.05458
0.055827 -0.593562 -0.035353
0.100374 -0.590947 -0.020059
0.112691 -0.614276 0.005411
0.133459 -0.636718 0.048214
0.166344 -0.632287 0.085033
0.170872 -0.641055 0.090104
0.141937 -0.652472 0.082261
0.104252 -0.634793 0.08794
0.077298 -0.634167 0.101981
0.019007 -0.647898 0.11877
-0.056925 -0.605803 0.150973
-0.119779 -0.543937 0.179479
-0.179469 -0.525226 0.189612
-0.202613 -0.501143 0.20599
-0.110479 -0.392082 0.221899
0.089824 -0.315329 0.233528
0.170534 -0.340308 0.264175
-0.08391 -0.168321 0.169104
-0.091625 -0.185936 0.049745
0.433829 -0.28074 0.040862
0.796982 -0.232424 0.101888
0.646239 -0.159228 0.088676
0.364427 0.130337 0.023227
0.55489 0.309173 0.03104
0.954056 0.210426 -0.016989
1.01939 0.175579 -0.088835
0.929239 0.322742 -0.22026
0.90636 0.405658 -0.226965
0.89468 0.590424 -0.161793
0.874751 0.722731 -0.244842
0.923151 0.742871 -0.311013
1.016006 0.697008 -0.482364
0.91036 0.455835 -0.521005
0.671307 0.441344 -0.537305
0.367555 0.529548 -0.47006
0.022537 0.390132 -0.344359
-0.063882 0.338655 -0.294115
-0.217056 0.271886 -0.30955
-0.452916 0.047112 -0.440284
-0.6223 0.137886 -0.47598
-0.794654 0.09041 -0.436981
-0.313806 -0.129156 -0.161495
0.4303 0.781106 0.105549
-0.186261 -0.103155 0.331303
0.075887 -0.545576 -0.408603
-0.793459 0.263925 -0.375856
-0.944848 0.116041 0.082788
-1.292624 -0.159044 0.404665
-1.066319 -0.14921 0.588517
-0.8698 -0.038093 0.457007
-1.166586 0.15924 0.282182
-1.254542 0.070792 0.299274
-0.966817 0.029296 0.340988
-0.633484 0.099274 0.453468
-0.595834 0.342653 0.755129
-0.330754 0.541464 0.921346
0.199152 0.615884 0.896714
0.570155 0.475678 0.706336
0.521055 0.373843 0.522331
0.188264 0.346584 0.514963
0.059926 0.47374 0.411856
0.35023 0.275052 0.176098
0.317079 0.604473 0.202788
-0.315711 -0.146351 -0.022263
0.003441 -0.837927 0.396293
-0.079567 -0.510197 0.341547
1.066416 -0.454348 -0.015624
1.147774 -0.017601 -0.112353
1.135802 -0.11245 -0.26113
0.880153 -0.318634 -0.416948
0.42871 -0.078771 -0.324481
0.417489 0.022283 -0.397557
0.734329 -0.11327 -0.555532
0.662622 0.096141 -0.648723
0.542444 0.343951 -0.717875
0.482138 0.42054 -0.669708
0.072533 0.2898 -0.495449
-0.179321 0.295332 -0.466895
-0.385921 0.257008 -0.525022
-0.427628 -0.186564 -0.576566
-0.059532 0.075258 -0.5565
0.015846 0.119934 -0.490237
-0.483893 -0.612841 -0.318092
0.817101 -0.726446 -0.277596
1.000549 0.068619 -0.175388
-0.368801 -0.972526 -0.22668
-1.198135 -1.020931 -0.321224
-1.134281 0.174141 -0.120862
-1.441384 -0.009874 0.158105
-1.699763 -0.504113 0.380693
-0.983544 -0.665079 0.55196
-0.723452 -0.380302 0.631914
-1.159214 -0.150108 0.690697
-1.485874 0.228896 0.669808
-1.110234 0.470117 0.603567
-0.681584 0.578303 0.440898
-0.347666 0.639096 0.53865
0.032971 0.580049 0.815726
0.144308 0.37689 0.953385
0.234453 0.519459 0.767845
0.490654 0.300137 0.492708
0.334158 0.148534 0.348673
0.06193 0.360982 0.320535
0.20423 0.442985 0.189792
0.41164 -0.201019 0.25358
0.204163 -0.632279 0.307015
0.651277 -1.113248 0.378754
0.290404 -0.668244 0.385168
0.976421 0.225444 -0.055742
1.661978 0.751103 -0.122342
1.607263 0.11621 -0.138244
1.063594 0.172908 -0.423431
0.621146 0.410626 -0.441506
0.831384 0.404449 -0.461678
1.023079 0.234385 -0.57207
0.851455 0.179506 -0.702777
0.457258 0.318948 -0.701824
0.072589 0.361102 -0.496282
0.084804 0.091528 -0.438835
0.00756 -0.249232 -0.572003
-0.494956 -0.432467 -0.606547
-0.539889 0.024031 -0.660556
0.243744 0.195919 -0.669021
0.245072 0.032347 -0.557938
-0.524898 -0.539411 -0.376539
1.472915 0.062354 -0.23948
0.495909 -1.095441 -0.0755
-0.660011 -1.745216 -0.481606
-1.616318 -0.661859 -0.344233
-1.729725 0.174693 0.133726
-1.623082 -0.142937 0.17288
-1.402005 -0.484674 0.180382
-0.903126 -0.923371 0.319139
-0.791688 -0.707036 0.506722
-1.244348 -0.242033 0.618012
-1.486277 0.27459 0.702701
-0.959894 0.540073 0.702652
-0.664782 0.615814 0.700451
-0.340165 0.34838 0.771633
0.000663 0.319697 0.806568
0.34353 0.423933 0.686634
0.310459 0.387592 0.347072
-0.119016 0.379038 0.156716
-0.268022 0.598447 0.215438
0.207414 0.587372 0.057701
0.947586 -0.112406 0.196193
0.647386 -0.696561 0.097569
0.869603 -0.415724 0.4308
0.707111 0.133574 0.252848
1.840144 0.748726 0.125051
2.18072 0.529089 0.075463
1.808705 0.052518 -0.101775
1.00943 0.163418 -0.346371
0.906446 0.267565 -0.358484
1.092907 0.105965 -0.467623
1.1144 0.155387 -0.606595
1.034166 0.307521 -0.625387
0.648791 0.3027 -0.389998
0.199967 0.212221 -0.297349
-0.020676 0.000703 -0.359624
-0.275998 -0.260065 -0.388502
-0.500982 -0.505147 -0.394809
-0.349432 -0.264066 -0.468198
0.276236 -0.037627 -0.558018
-0.39076 -0.231469 -0.499203
-0.348301 -0.570325 -0.320602
1.090184 -0.29037 -0.062261
-0.594674 -1.011884 -0.273303
-1.795386 -0.972087 -0.685847
-1.897166 -0.098688 -0.176611
-2.01851 0.140417 0.208677
-2.082046 -0.231059 0.308344
-1.706892 -0.481327 0.425902
-1.043735 -0.676798 0.524305
-0.721259 -0.458619 0.732267
-1.180773 0.2524 0.856535
-1.221333 0.681989 0.861953
-0.700418 0.701334 0.823447
-0.607173 0.649743 0.808674
-0.371355 0.599807 0.735073
0.196436 0.58516 0.611922
0.448265 0.378196 0.421861
0.139603 0.063387 0.233623
-0.140557 -0.065652 0.113161
0.165333 0.102434 -0.056103
0.649599 -0.453998 0.072918
0.635301 -0.822762 0.050499
0.687275 -1.201327 0.053527
0.505455 -0.747552 0.344172
1.084228 0.025661 -0.079761
1.814132 0.736486 -0.14349
1.889199 0.240555 -0.111821
1.374694 0.162719 -0.360098
1.240819 0.126542 -0.502975
1.071144 0.077271 -0.484516
1.002075 0.144679 -0.589516
1.021391 0.500952 -0.721718
1.06751 0.709491 -0.748887
0.684668 0.399519 -0.659402
0.047361 -0.331143 -0.661603
-0.244197 0.041545 -0.505287
-0.515374 -0.031743 -0.393661
-0.672381 -0.502892 -0.560787
-0.005958 -0.35744 -0.691245
0.205346 0.080948 -0.64596
-0.661718 -0.56435 -0.375559
0.746335 -0.891107 -0.194879
0.481041 -0.92269 0.060678
-0.947345 -1.268666 -0.285799
-1.275773 -0.607236 -0.342108
-1.811279 0.333338 0.058233
-1.661203 -0.01456 0.200216
-1.910748 -0.144775 0.239979
-1.621724 -0.336037 0.38947
-1.049185 -0.579346 0.61897
-0.882861 -0.212192 0.802876
-1.114219 0.296056 0.831442
-1.040449 0.594132 0.848117
-0.943687 0.847495 0.985566
-0.540744 0.583221 1.057781
0.017967 -0.077676 0.795359
0.406212 -0.192588 0.548948
0.344 0.039192 0.413032
0.029151 0.201022 0.431045
-0.109413 0.282824 0.504193
0.226755 0.057256 0.460124
0.063917 -0.801457 0.718479
0.405659 -1.173328 0.306572
0.990997 -1.343846 0.485052
-0.037275 -0.280599 0.26235
1.47843 0.518096 0.008718
1.785605 0.357919 -0.14384
1.855454 -0.045791 -0.484211
1.305253 0.098236 -0.739485
0.870891 0.051821 -0.689841
0.95206 0.007723 -0.664077
1.097595 0.372056 -0.746298
1.070519 0.646759 -0.736626
0.730938 0.598572 -0.591166
0.421472 0.344992 -0.496211
0.074021 -0.287792 -0.658997
-0.236203 -0.038673 -0.612958
-0.371139 -0.160534 -0.519057
-0.227761 -0.351818 -0.511272
0.014757 -0.051017 -0.510604
-0.419439 -0.408062 -0.436122
1.345462 -0.185454 -0.25589
0.234808 -0.501349 0.301266
-1.448994 -1.208803 0.058568
-1.296555 -0.80472 -0.455228
-1.937847 0.370929 -0.214666
-1.683839 0.166757 -0.090007
-1.492942 -0.393603 0.114948
-1.432487 -0.441044 0.430431
-1.19348 -0.393108 0.59242
-0.911181 -0.184526 0.671036
-1.219106 0.314583 0.702055
-1.149073 0.482861 0.743041
-0.873488 0.330369 0.669287
-0.730993 0.48905 0.618519
-0.044283 0.286974 0.625346
0.445823 0.174113 0.543927
0.331205 0.05581 0.456575
0.092633 -0.091275 0.507863
-0.023951 0.084701 0.542163
0.251281 0.244258 0.390198
0.560983 -0.465518 0.277926
0.511171 -1.000603 -0.029923
0.75557 -1.533667 -0.110803
0.870168 -0.669494 0.328454
1.288694 0.243112 -0.113881
1.792738 0.66742 -0.180106
1.777794 0.188103 -0.436267
1.397525 0.180578 -0.715577
1.069843 0.107474 -0.720458
0.985353 0.085763 -0.646079
1.02689 0.287576 -0.745213
1.08988 0.581441 -0.763493
0.925314 0.593268 -0.6429
0.388503 0.289835 -0.545233
0.095678 -0.130112 -0.617434
0.022543 0.235934 -0.538187
-0.225959 0.31349 -0.528059
-0.576957 -0.267051 -0.570325
-0.233664 -0.220249 -0.563596
-0.223863 0.191698 -0.464668
-0.206594 -0.283998 -0.198436
1.627887 0.073052 0.054283
-1.043366 -0.880425 0.198087
-1.120191 -1.119129 -0.009558
-1.688347 0.00887 -0.12984
-1.776685 0.635036 0.163333
-1.570964 0.224895 0.28557
-1.555782 -0.094128 0.544219
-1.136996 -0.291601 0.662765
-0.759156 -0.184581 0.749874
-0.957264 0.449216 0.922395
-0.898741 0.642752 0.852531
-0.662763 0.7676 0.784841
-0.440647 0.674082 0.866421
0.009449 0.332938 0.966538
0.383325 0.05567 0.814498
0.745342 -0.274573 0.503727
0.742401 -0.729339 0.342763
0.481499 -0.302346 0.326642
0.42878 0.283118 0.303913
0.544713 -0.07565 0.245412
0.184785 -0.205392 0.325917
0.482701 -0.854136 0.048007
0.958826 -0.910368 0.05228
0.89976 -0.011891 -0.109155
1.53257 0.596846 -0.107183
1.952884 0.364503 -0.187746
1.584383 0.384511 -0.457028
0.988319 0.489101 -0.554326
0.780876 0.350548 -0.468703
0.674383 0.245528 -0.455666
0.634721 0.549085 -0.60597
0.661076 0.823759 -0.676712
0.507858 0.831321 -0.663481
0.364677 0.495212 -0.710305
0.063648 -0.093107 -0.798653
-0.426933 0.060049 -0.717494
-0.81091 -0.679624 -0.577939
-0.586946 -1.330859 -0.547482
0.039475 -0.754058 -0.712778
-0.119241 -0.413885 -0.634049
1.098428 -0.154606 -0.359661
0.382157 -0.732742 0.326988
-1.449067 -1.165432 -0.02262
-1.71786 -0.602629 -0.512515
-1.836976 0.101445 0.027774
-1.596722 0.303619 0.267354
-1.871457 -0.068069 0.438314
-1.83568 -0.230719 0.497116
-1.329795 -0.288455 0.3834
-0.921172 0.076221 0.444602
-1.231205 0.405172 0.509286
-1.452154 0.702685 0.609838
-1.002245 0.73224 0.786566
-0.567416 0.519929 0.905067
-0.193108 0.401834 0.756169
0.254619 0.207956 0.552382
0.368525 -0.364546 0.401719
0.146308 -0.766172 0.303707
0.104831 -0.065272 0.250261
0.316408 -0.03617 0.145162
0.558165 -0.815766 0.370091
0.990225 -1.262975 0.129328
1.084083 -1.012771 0.215387
0.509706 -0.353003 0.270316
1.480452 0.43112 0.107934
1.821969 0.470727 0.040396
1.879364 0.083716 -0.219136
1.365301 0.234417 -0.483389
1.031061 0.34281 -0.473898
0.988727 0.290631 -0.425231
0.915327 0.219611 -0.467628
0.982713 0.382538 -0.531322
0.817626 0.414842 -0.548168
0.356392 0.057247 -0.704755
0.059343 0.160127 -0.73816
0.096475 0.173441 -0.566983
-0.326176 -0.264556 -0.478775
-0.278703 -0.460001 -0.440544
0.089819 0.122768 -0.428565
-0.355203 -0.186067 -0.315566
0.399996 -0.389836 -0.155959
1.171191 -0.325017 -0.022921
-1.23977 -1.100302 0.124026
-1.14275 -0.989875 -0.118352
-1.86281 0.179312 -0.286384
-1.697202 0.546616 -0.02608
-1.685125 -0.174929 0.1366
-1.579139 -0.498115 0.362198
-1.174165 -0.368753 0.482771
-0.910042 -0.010988 0.618671
-1.409936 0.435319 0.645899
-1.347262 0.463553 0.601248
-0.862924 0.279108 0.523347
-0.75573 0.518714 0.616614
-0.470906 0.154261 0.719426
-0.121857 -0.047046 0.621586
0.309493 0.120881 0.392493
0.460948 0.038331 0.204735
0.095023 0.092489 0.192636
-0.146471 0.395392 0.23673
0.265325 0.295472 0.090359
0.678367 -0.355851 0.121688
0.526955 -0.326545 0.071873
0.871443 -0.642444 0.21309
0.995179 -0.288201 0.301148
1.462421 0.161715 0.105629
1.528106 0.862883 0.172416
1.832417 0.374183 -0.045573
1.612407 0.102382 -0.400879
1.099785 0.113778 -0.440524
0.966755 0.315262 -0.37647
0.881751 0.332347 -0.356921
0.723801 0.32587 -0.443768
0.529605 0.069394 -0.638746
0.279063 0.164668 -0.737321
0.22587 0.29031 -0.71676
0.137332 0.194596 -0.575038
-0.427826 -0.262294 -0.431391
-0.547418 -0.560032 -0.357461
-0.126174 -0.403616 -0.391118
-0.161754 -0.257453 -0.446965
-0.585351 -0.9952 -0.358479
1.099775 -0.985131 -0.121373
0.401238 -0.572078 -0.096443
-1.022464 -1.1153 -0.215481
-1.186959 -0.712258 -0.081122
-1.643364 0.056829 0.104459
-1.669247 0.040504 0.193075
-1.876577 -0.106067 0.334275
-1.636732 -0.264726 0.419668
-1.191801 -0.255819 0.48515
-0.996678 -0.017958 0.560953
-1.168965 0.332032 0.650697
-0.959554 0.584824 0.652299
-0.675358 0.592947 0.620403
-0.553215 0.571915 0.679377
-0.303706 0.402105 0.680523
0.05432 0.056396 0.603747
0.189621 -0.055993 0.424869
0.113956 -0.207757 0.30221
0.084056 -0.207306 0.250989
0.253495 -0.063179 0.189837
0.479164 -0.549266 0.125371
0.410009 -0.973164 0.186194
0.706044 -0.904501 0.210773
0.622761 -0.818249 0.412905
1.013354 -0.612881 0.154592
1.666759 0.066825 -0.032737
1.852312 0.469328 -0.15199
1.894357 0.242681 -0.339011
1.705758 0.018541 -0.477643
1.417458 0.280154 -0.417654
1.329193 0.396022 -0.389126
1.412602 0.576245 -0.520463
1.392597 0.583138 -0.687458
0.84243 0.798274 -0.674242
0.49824 0.573046 -0.632044
0.402215 0.01146 -0.516068
0.273946 -0.598971 -0.546449
-0.05793 -0.669232 -0.522229
-0.1457 -0.394463 -0.406162
0.092027 -0.248124 -0.427866
-0.197913 -0.418345 -0.49699
0.370282 -0.562597 -0.317724
1.158423 -0.407076 -0.219951
-1.07004 -0.759273 -0.129614
-1.459213 -1.10429 -0.020385
-1.783099 0.244689 -0.058975
-1.603177 0.407952 -0.010565
-1.584387 -0.026286 0.138801
-1.674935 -0.393679 0.403734
-1.627459 -0.228029 0.53077
-1.278112 0.182523 0.67559
-1.32459 0.462508 0.746754
-1.226543 0.677119 0.761248
-0.851493 0.770558 0.723048
-0.671248 0.6896 0.873358
-0.451105 0.272694 0.867085
-0.042646 0.075922 0.716124
0.236272 0.185925 0.463281
0.134519 -0.079817 0.27716
-0.027177 -0.319192 0.258616
0.057446 -0.165707 0.21247
0.408775 0.13321 0.029781
0.523292 -0.621533 0.171678
0.274458 -0.56845 0.033828
0.816644 -0.862739 0.261283
0.494693 -0.439393 0.203987
1.745764 0.356858 -0.058366
1.947007 0.514404 -0.208095
1.893602 0.047999 -0.413749
1.249526 0.155286 -0.608022
0.762273 0.179847 -0.51446
0.743376 -0.05931 -0.448977
0.896712 0.106872 -0.64305
1.093995 0.59068 -0.826424
0.884084 0.354094 -0.818311
0.207728 0.331302 -0.719387
0.064586 0.48816 -0.653612
0.01371 0.574764 -0.514503
-0.646342 -0.217889 -0.42846
-0.861847 -0.962647 -0.408375
-0.405891 -0.50236 -0.43771
-0.256694 0.049931 -0.437831
-0.456328 -0.370669 -0.294264
1.38458 0.246267 0.037959
-0.02099 -0.703148 0.239714
-1.729088 -1.129478 0.261508
-1.264557 -0.221856 -0.236568
-1.286796 0.657775 -0.072492
-1.584965 0.406727 0.155928
-1.635775 -0.090886 0.422516
-1.377156 -0.153876 0.509002
-0.851866 -0.004873 0.504967
-0.815585 0.258308 0.493233
-1.373246 0.433134 0.561699
-1.172832 0.58534 0.649987
-0.605832 0.708141 0.643317
-0.426037 0.718964 0.686028
-0.205108 0.217278 0.788059
0.135767 -0.339449 0.797816
0.534122 -0.287564 0.426288
0.538474 -0.290177 0.118629
0.217762 -0.202128 0.081167
0.140378 -0.17485 0.139511
0.271133 -0.668776 0.066789
0.529629 -0.863464 0.056033
1.206875 -0.793186 0.13964
0.452153 -0.759302 0.411353
0.624764 -0.299463 0.166573
1.748905 0.57991 -0.056064
2.084147 0.350889 -0.254161
1.828438 0.048294 -0.466553
1.190116 0.139273 -0.494561
0.921682 0.378258 -0.418856
1.031253 0.306942 -0.477447
1.167054 0.492095 -0.638293
1.172871 0.641522 -0.847397
0.814891 0.814994 -0.750375
0.45942 0.31025 -0.575482
0.299275 0.063141 -0.488494
0.009526 -0.129658 -0.464225
-0.452424 -0.582876 -0.43447
-0.447136 -0.682815 -0.438472
-0.195171 -0.268124 -0.467432
-0.512916 -0.249306 -0.416708
0.071414 -0.327705 -0.21835
1.321672 -0.147071 -0.06619
-1.10791 -0.926231 -0.081165
-1.560457 -1.24353 -0.130344
-1.215893 -0.180943 -0.173144
-1.589395 0.40362 0.039732
-1.677805 0.160183 0.227603
-1.567424 -0.084511 0.399764
-1.395563 -0.231822 0.465228
-1.205347 -0.170676 0.521887
-1.32351 0.218927 0.517932
-1.496172 0.636628 0.478556
-1.30226 1.017906 0.424903
-0.995398 1.162866 0.537666
-0.836629 0.730236 0.773783
-0.59458 0.233532 0.848217
-0.177076 0.044502 0.700761
0.32369 -0.343772 0.378996
0.290535 -0.691466 0.182526
0.105637 -0.495165 0.22181
0.199157 0.058573 0.230604
0.368631 -0.393858 0.29173
0.439504 -0.744982 0.296273
1.45737 -0.817464 0.167111
0.961237 -0.547323 0.182979
1.052436 0.028689 0.036906
1.773937 0.507373 -0.087786
2.132231 0.216164 -0.230143
1.447437 0.266857 -0.309047
1.087247 0.296239 -0.334268
1.075911 0.077751 -0.292081
0.960004 0.062027 -0.315594
1.053639 0.369711 -0.506386
0.894528 0.397277 -0.610105
0.668216 0.582377 -0.46393
0.586213 0.653126 -0.378344
0.225145 0.183376 -0.291205
-0.465974 -0.317421 -0.300168
-0.641091 -0.610084 -0.431375
-0.067166 -0.693941 -0.454163
-0.306018 -0.050263 -0.444491
-0.915711 -0.610066 -0.361451
0.867388 -0.479761 -0.19979
0.346345 -0.898995 -0.04987
-1.424331 -1.383079 -0.075941
-1.054187 -0.809499 -0.344705
-1.564765 0.081422 -0.092619
-1.728943 0.118856 0.267361
-1.810858 -0.275297 0.586242
-1.621831 -0.254267 0.58309
-1.162141 -0.296319 0.473186
-0.913701 -0.149447 0.458063
-1.047493 0.300054 0.575002
-1.091756 0.834517 0.618561
-0.683618 1.08312 0.555919
-0.368204 0.866322 0.781235
-0.262674 0.369132 0.938408
3.4e-05 -0.095414 0.805714
0.393939 -0.13665 0.475539
0.483009 -0.181661 0.136834
0.306177 -0.257165 0.065538
0.308291 -0.180719 0.116126
0.577081 -0.613925 0.111015
0.721021 -0.850332 0.254242
0.96001 -1.126545 0.421215
0.208446 -0.900787 0.440064
0.671286 -0.379778 0.094683
1.565314 0.285602 -0.170249
1.939537 0.041189 -0.365703
1.486023 -0.07259 -0.494579
1.207984 -0.003524 -0.563138
0.928174 0.183108 -0.481244
0.784652 0.141278 -0.428416
0.808129 0.243331 -0.551715
0.60569 0.66119 -0.552897
0.351984 0.642694 -0.551233
0.311875 0.641441 -0.580549
0.227402 0.446967 -0.684861
-0.132353 -0.029704 -0.624242
-0.543278 -0.277851 -0.526712
-0.240272 -0.150539 -0.528364
-0.168631 -0.002195 -0.566714
-0.762892 -0.46088 -0.516838
0.653101 -0.213107 -0.230635
1.451566 -0.01688 -0.138933
-0.836085 -1.095599 0.045101
-0.631892 -0.825776 -0.322481
-1.21046 0.333029 -0.261702
-1.470086 0.323993 0.132259
-1.613821 0.046798 0.388339
-1.526538 -0.047167 0.473767
-1.532045 -0.115416 0.535698
-1.193081 -0.01897 0.542997
-1.092055 0.217969 0.548755
-1.440577 0.776625 0.648808
-1.105751 0.966155 0.564034
-0.452828 0.846874 0.589447
-0.255885 0.740247 0.697302
-0.143727 0.322844 0.767056
0.104517 -0.078889 0.791206
0.483061 -0.342201 0.602316
0.475032 -0.826521 0.276735
0.140195 -0.374043 0.086786
0.119339 0.101681 -0.041723
0.151544 -0.556749 0.101847
0.320609 -0.735411 0.204457
0.589165 -0.727153 0.334201
0.488046 -0.894938 0.20423
1.278367 -0.246712 -0.184162
1.844799 0.356971 -0.39575
1.604347 0.141665 -0.328933
0.940973 0.221467 -0.387555
0.907468 0.29974 -0.452478
1.105569 0.135659 -0.437722
1.06477 0.150615 -0.606084
0.884739 0.462381 -0.675044
0.819339 0.586361 -0.661805
0.580977 0.399408 -0.629008
0.289027 0.618723 -0.550629
0.147842 0.39519 -0.409097
-0.296797 -0.284362 -0.40894
-0.76052 -1.189268 -0.48745
-0.122935 -1.34958 -0.556404
0.462457 -0.214923 -0.666655
-0.260323 0.167028 -0.552199
-0.502697 -0.5472 -0.255246
1.514587 -0.35289 0.015326
0.16474 -1.461487 0.155312
-1.744987 -1.267532 0.288619
-1.042068 -0.603866 -0.191779
-1.517441 0.160076 0.065805
-1.483462 0.044851 0.36903
-1.624778 -0.165898 0.685892
-1.407851 -0.412617 0.847389
-0.802023 -0.609118 0.795757
-0.595222 -0.170701 0.681524
-0.920138 0.459365 0.709539
-0.946018 0.736393 0.691076
-0.633658 0.842263 0.662818
-0.315049 0.72422 0.713309
-0.035645 0.429211 0.771337
0.185038 0.046419 0.514776
0.22393 -0.060826 0.244116
0.051703 0.139848 0.206771
0.017691 0.103016 0.233647
0.168352 -0.135987 0.236786
0.261091 -0.507316 0.459587
0.91605 -0.725844 0.299869
1.211018 -0.881063 0.224763
0.533328 -0.268086 0.252488
1.368319 0.4135 0.060816
1.856331 0.454882 -0.19039
1.841954 -0.0748 -0.597796
1.381429 0.114284 -0.733094
1.104397 0.24252 -0.540266
1.190148 0.151308 -0.463767
1.166809 0.433322 -0.566601
1.209393 0.513158 -0.723768
0.80065 0.460038 -0.666234
0.406533 0.353912 -0.597064
0.345082 0.356932 -0.350966
0.398687 0.045986 -0.396016
-0.026334 -0.643585 -0.49796
-0.373023 -0.609971 -0.48385
-0.031994 0.114423 -0.448848
-0.021791 0.351272 -0.52807
-0.742232 -0.032776 -0.454354
0.166173 -0.382914 -0.26515
1.987205 -0.141072 -0.06183
-1.130201 -0.977431 0.110675
-1.38957 -1.333721 -0.23694
-1.680706 -0.128086 -0.052762
-1.539885 0.550105 0.12974
-1.655006 0.168014 0.282623
-1.631935 -0.341075 0.488785
-1.399126 -0.561765 0.663126
-1.143824 -0.311812 0.779375
-1.007343 0.026619 0.734614
-1.289303 0.380071 0.64791
-1.203058 0.768231 0.67867
-0.949693 0.734252 0.746073
-0.638746 0.677688 0.80825
-0.147758 0.012228 0.722671
0.101885 -0.366986 0.711242
0.177743 -0.21116 0.437563
0.246927 -0.163341 0.226213
0.190334 -0.053077 0.337017
0.180281 0.089323 0.28486
0.330278 -0.346755 0.402343
0.406955 -0.55337 0.302232
1.314009 -1.064539 -0.063796
1.290898 -0.188934 0.130485
1.264301 0.09103 0.004612
1.518687 0.638414 0.122392
1.833873 0.260177 -0.155154
1.505038 0.103241 -0.561066
1.288411 0.094022 -0.573369
1.309183 0.081516 -0.488111
1.190489 0.117523 -0.414544
0.927007 0.215148 -0.371165
0.894845 0.139577 -0.428194
0.359649 0.180221 -0.61707
0.155585 0.27829 -0.703187
0.292088 0.146578 -0.465636
0.180611 -0.270915 -0.426645
0.076134 -0.550589 -0.510645
0.350903 -0.107692 -0.574558
0.09545 0.222001 -0.533815
-0.772308 -0.244426 -0.469815
0.07785 -0.563032 -0.218133
1.260451 -0.03004 -0.000764
-1.262845 -0.631276 0.026726
-1.472047 -0.977773 -0.26247
-1.853997 -0.192232 -0.017131
-1.558397 0.107425 0.170139
-1.859614 -0.364928 0.443347
-1.92526 -0.621075 0.73172
-1.445861 -0.704891 0.859126
-0.940306 -0.58158 0.830404
-1.100472 -0.009283 0.787023
-1.200955 0.391394 0.745362
-0.957309 0.594506 0.652233
-0.671996 0.566241 0.574355
-0.323776 0.366631 0.606505
-0.073309 0.13656 0.608477
0.181256 -0.225622 0.364538
0.252205 -0.411459 0.104853
0.06392 -0.021499 0.054112
0.144871 0.22284 0.019128
0.498803 0.006516 -0.128875
0.543026 -0.441209 0.097708
0.962423 -0.451604 0.172052
1.501046 -0.541457 0.258534
1.032543 -0.017741 0.054772
1.537874 0.545861 -0.166503
1.753647 0.489328 -0.237227
1.744712 0.226951 -0.477261
1.447656 0.17212 -0.606732
1.049283 0.27355 -0.484655
1.08773 0.259805 -0.438573
0.953045 0.433225 -0.466942
0.840628 0.503909 -0.518991
0.520782 0.434542 -0.572633
0.208281 0.428493 -0.620992
0.076552 0.375102 -0.505083
-0.026376 0.00649 -0.472211
-0.288812 -0.348378 -0.462812
-0.288965 -0.263571 -0.40236
-0.168456 0.0158 -0.388592
-0.566536 -0.145998 -0.392868
-0.410436 -0.62029 -0.249352
1.390239 -0.14119 -0.014819
-0.78386 -0.731795 0.05055
-1.17535 -1.03684 -0.185744
-1.469426 -0.581434 -0.120536
-1.647911 0.178779 0.270979
-1.620076 -0.040033 0.437276
-1.816651 -0.325449 0.581862
-1.930648 -0.378179 0.665989
-1.642593 -0.168545 0.731054
-1.250263 0.075115 0.759755
-1.333679 0.240256 0.721238
-1.247257 0.556859 0.726195
-0.7639 0.635407 0.64328
-0.29406 0.459363 0.708589
-0.208188 0.432734 0.767379
-0.188453 0.314572 0.674677
-0.117415 -0.012002 0.413804
-0.083177 -0.377285 0.240528
-0.270809 -0.43839 0.134395
-0.140331 -0.155617 -0.084283
0.035837 -0.526588 -0.028401
-0.049269 -0.741052 0.066374
0.862877 -0.702852 -0.01116
1.011834 -0.243225 0.274452
1.095449 0.048583 0.024472
1.69441 0.36106 -0.228545
1.810462 0.191142 -0.484546
1.258932 0.16409 -0.60536
1.1148 0.101938 -0.460509
1.137558 -0.014804 -0.358581
1.08871 0.084089 -0.461616
1.157911 0.490011 -0.563243
1.159118 0.539979 -0.704978
0.767171 0.77184 -0.680552
0.353275 0.830831 -0.547019
-0.004586 0.452152 -0.266505
-0.412076 -0.39699 -0.419207
-0.471574 -0.886812 -0.573236
-0.140856 -0.604226 -0.700713
0.228268 0.139464 -0.767149
-0.177172 -0.005792 -0.613053
0.322782 -0.449202 -0.360546
1.933346 -0.171405 0.216781
-1.578222 -1.236165 0.516728
-1.134493 -0.702715 -0.158339
-1.358575 -0.1425 -0.393251
-1.433549 0.445651 -0.058611
-1.392778 -0.057141 0.165418
-1.612143 -0.534415 0.432354
-1.473784 -0.756915 0.688525
-0.97003 -0.342274 0.817422
-0.919865 0.220843 0.669701
-1.160747 0.538786 0.476915
-1.004265 0.905358 0.376377
-0.681475 0.914274 0.397465
-0.46444 0.691803 0.614806
-0.198665 0.377232 0.703498
-0.044601 -0.025464 0.582372
-0.123829 -0.213796 0.34803
-0.261833 -0.319851 0.224854
-0.253944 -0.092571 0.242091
-0.074893 -0.154429 0.095174
-0.010163 -0.605387 0.17436
0.704049 -0.976108 0.165058
1.089478 -0.851821 0.481925
0.548148 -0.531656 0.39566
1.412333 0.323949 -0.007445
2.072524 0.441072 -0.230501
1.795083 0.184721 -0.506585
1.327866 0.292718 -0.528455
0.944836 0.342426 -0.367823
0.911144 0.320663 -0.356069
1.150589 0.601653 -0.563919
1.202414 0.791558 -0.809307
0.898129 1.13844 -0.789118
0.236615 0.829721 -0.722003
-0.147288 0.447211 -0.535222
-0.187854 0.002271 -0.524889
-0.354099 -0.317989 -0.565411
-0.735106 -0.574612 -0.658784
-0.505695 -0.158377 -0.698385
0.102891 0.329467 -0.634437
-0.075771 0.346274 -0.587028
-0.476791 -0.133734 -0.37631
1.511539 -0.329143 -0.040145
0.309041 -0.852985 0.125663
-0.910962 -1.561329 -0.035594
-0.397826 -0.952244 -0.379406
-0.960868 0.204095 -0.01809
-1.123359 0.085162 0.269362
-1.392479 -0.084777 0.64577
-1.310828 -0.334933 0.744461
-0.888615 -0.238654 0.682224
-0.737809 0.272089 0.646415
-0.898022 0.542955 0.66975
-0.870188 0.714222 0.717992
-0.506389 0.904127 0.662946
-0.326632 0.741104 0.563735
-0.147416 0.512192 0.63965
-0.085685 0.256061 0.812823
0.220565 -0.048488 0.659619
0.417036 -0.358618 0.490372
0.322736 -0.52561 0.344347
0.382735 -0.21531 0.227408
0.548061 -0.377895 0.164547
0.189552 -0.769468 0.398428
0.71724 -0.707765 0.291434
0.933293 -0.819352 0.636249
0.961611 -0.278425 0.185066
1.746528 0.442929 -0.091836
2.016328 0.234199 -0.142551
1.415416 0.166702 -0.251267
0.842597 0.067666 -0.337805
0.944581 0.053158 -0.302255
1.133318 0.14 -0.378784
0.964779 0.520261 -0.470743
0.891009 0.497849 -0.575381
0.471201 0.330692 -0.550453
0.075451 0.617302 -0.532546
0.13194 0.498083 -0.490814
-0.034041 -0.231486 -0.541435
-0.432901 -0.593514 -0.567587
-0.661102 -0.568223 -0.505325
-0.307351 -0.375582 -0.496127
-0.10938 0.031966 -0.574304
-0.697417 -0.345778 -0.535903
0.489133 -0.678652 -0.29489
1.533327 -0.073167 0.142101
-1.20246 -0.396055 0.220897
-1.431625 -0.828932 -0.104
-1.199691 -0.22595 -0.005879
-1.094501 0.018127 0.057828
-1.547029 -0.460244 0.256911
-1.73313 -0.848451 0.557614
-1.221723 -0.712347 0.833334
-0.723624 -0.32341 0.962641
-0.71071 0.006624 0.847394
-0.901755 0.330254 0.651501
-0.729393 0.693772 0.551449
-0.475993 0.76923 0.416975
-0.224512 0.645778 0.470702
-0.0072 0.390747 0.653985
0.160215 -0.049702 0.592916
0.315587 -0.155438 0.296021
0.243146 0.05068 0.203244
0.219741 0.134946 0.119964
0.532763 -0.169875 0.0398
0.048928 -0.698791 0.243452
0.193994 -0.405415 0.213102
0.833095 -0.646872 0.308804
0.523183 -0.127502 0.031917
1.280158 0.338416 -0.221096
1.430077 0.287774 -0.277113
1.324414 0.001469 -0.364427
0.939352 -0.02178 -0.473261
0.700627 0.110621 -0.409194
0.787899 0.269088 -0.397423
0.800343 0.368973 -0.465496
0.754149 0.624313 -0.565383
0.637649 0.6963 -0.647527
0.173478 0.616184 -0.698293
-0.014516 0.808534 -0.572352
0.139725 0.755793 -0.483693
-0.211628 0.30986 -0.525103
-0.6413 -0.287711 -0.641473
-0.533546 -0.608233 -0.656357
-0.080036 -0.42864 -0.615425
-0.105622 0.146403 -0.499701
-0.814306 0.354627 -0.416887
-1.00763 -0.326086 -0.171455
1.676613 -0.599075 -0.249354
-0.043861 -0.380897 -0.30933
-0.87193 -1.199543 -0.29741
-0.686374 -1.049316 -0.184943
-1.25427 -0.081215 0.22634
-1.674858 -4.6e-05 0.521377
-1.869336 -0.214422 0.778289
-1.396755 -0.540477 0.778188
-1.139672 -0.445826 0.668525
-0.761895 -0.04154 0.599
-0.787373 0.249749 0.604407
-1.055948 0.698922 0.618043
-0.660282 0.93367 0.52777
-0.09607 0.748481 0.394464
0.083765 0.473169 0.496057
-0.204678 0.503464 0.661789
-0.152919 0.577548 0.630609
0.191347 0.33053 0.490738
0.286999 -0.19918 0.275074
0.337508 -0.470479 0.18954
0.394678 0.006211 0.150008
0.253669 -0.626572 0.11045
-0.636195 -0.487158 0.118717
0.057675 -0.97074 0.048272
0.287097 -0.916192 0.37193
0.335242 -0.557836 0.068919
1.070629 -0.035183 -0.193039
1.614521 -0.02063 -0.402951
1.302968 -0.184892 -0.433504
0.559486 -0.341362 -0.431424
0.560996 -0.195302 -0.296582
0.843174 -0.17006 -0.310325
0.852898 0.041944 -0.451428
0.721055 0.431599 -0.495403
0.495139 0.486854 -0.508383
0.056289 0.156398 -0.66144
-0.378691 0.399434 -0.549643
-0.238798 0.575408 -0.320889
-0.249772 0.124189 -0.262051
-0.524427 -0.900398 -0.381297
-0.187774 -1.08473 -0.575715
-0.025906 -0.187125 -0.63838
-0.551359 -0.177635 -0.53869
0.203335 -0.40741 -0.347408
1.457121 -0.18618 -0.1156
-1.524439 -0.825865 0.092027
-1.264574 -1.248036 0.105306
-0.609581 -0.616071 -0.352128
-0.961356 0.093407 -0.077257
-1.067094 -0.211502 0.283097
-1.30411 -0.643479 0.557166
-1.367247 -0.567979 0.726922
-1.252975 -0.399848 0.778794
-1.166005 -0.147408 0.753212
-1.281233 0.20733 0.691477
-1.23775 0.636881 0.667139
-0.643889 0.672864 0.580127
-0.136294 0.621585 0.577395
-0.072715 0.539562 0.703217
-0.095874 0.390355 0.750306
0.09185 0.181194 0.554987
0.264627 -0.046319 0.344018
0.069818 -0.063091 0.281564
-0.050573 0.013384 0.190239
-0.103017 -0.417256 0.121264
-0.361166 -0.511144 0.040968
0.530288 -0.329048 0.073779
0.316302 -0.053793 0.42049
0.692565 -0.000762 0.160148
1.371692 0.663309 -0.184175
1.683637 0.59168 -0.417747
1.500545 0.431993 -0.473695
1.046145 0.241947 -0.331635
0.99769 0.274615 -0.253141
0.952393 0.381571 -0.322454
0.827731 0.547963 -0.431388
0.659049 0.6455 -0.551992
0.457134 0.769706 -0.645531
0.055574 0.630504 -0.665144
-0.07197 0.6355 -0.568304
-0.050178 0.440318 -0.434674
-0.223543 0.186628 -0.489478
-0.5287 -0.119657 -0.533939
-0.391208 -0.268661 -0.581762
-0.277593 -0.225144 -0.57386
-0.374752 -0.708985 -0.552501
1.773584 -0.060296 -0.164016
0.823078 0.196729 0.126543
-0.980611 -1.316441 -0.17514
-0.536469 -0.901808 -0.481589
-0.878485 -0.182535 -0.275657
-1.568745 -0.104989 0.139815
-1.435779 -0.464827 0.377622
-1.221089 -0.796661 0.59896
-1.33071 -0.633888 0.844135
-1.207279 -0.143281 1.02365
-0.916151 0.20417 0.964531
-1.165275 0.732584 0.739275
-0.955785 1.169893 0.520797
-0.34387 1.265215 0.267389
-0.231454 1.222144 0.172776
-0.209268 1.194891 0.245174
-0.155467 1.054933 0.36624
-0.07505 0.570074 0.357738
-0.061466 0.37275 0.126875
-0.113652 0.516997 -0.037754
-0.185481 0.699608 -0.066858
0.266131 0.307746 -0.028808
-0.343525 -0.676437 0.094407
0.000512 -0.847669 -0.246763
0.585388 -0.730804 0.481499
0.665214 -0.758546 0.495574
0.861623 0.107733 0.325361
1.295067 0.400006 0.121353
1.313785 0.097041 -0.13432
0.523018 -0.048521 -0.273361
0.219991 -0.060655 -0.169589
0.618009 -0.040547 -0.031882
0.712104 0.01108 -0.046412
0.744941 0.102184 -0.268147
0.648873 0.478775 -0.434971
0.25216 0.716601 -0.541685
-0.153913 0.564151 -0.622806
-0.307262 0.25672 -0.482333
-0.200858 0.422353 -0.269475
-0.140849 0.554116 -0.230449
0.063638 0.311348 -0.32962
0.237395 0.337463 -0.452314
0.054936 0.465645 -0.504901
-0.487739 0.247426 -0.395057
0.723599 0.134602 0.136843
1.496014 0.248048 0.076994
0.585211 -0.274364 -0.399059
0.072646 -0.543127 -0.400274
-0.038065 -0.213613 -0.224171
-0.008363 -0.007336 -0.014306
-0.887195 0.065623 0.148931
-1.434788 -0.378001 0.078095
-1.07624 -0.907265 -0.086254
-0.355236 -1.132173 0.017126
-0.414714 -0.607849 0.112435
-0.63362 0.00116 0.075546
-0.504285 -0.007837 -0.008005
-0.011334 -0.000488 -0.109492
0.216297 0.10289 0.018826
0.159698 0.18271 0.299012
0.147121 0.407241 0.403934
0.075004 0.627411 0.309392
-0.014647 0.546657 0.157525
-0.132486 0.58128 0.105949
-0.255659 0.717432 0.13679
-0.157866 0.790034 0.148977
0.619974 0.685327 0.119201
1.151397 -0.228216 0.139752
0.174407 -1.027638 0.001415
-0.360119 -0.064937 0.145352
0.341555 -0.10381 0.17513
0.485528 -0.142059 0.209369
0.599519 0.12464 0.114927
0.638624 -0.257637 -0.09155
0.386059 -0.304145 -0.22349
-0.072982 -0.225705 -0.19834
-0.113715 -0.262577 -0.105333
0.179409 -0.308827 -0.008559
