-0.012496 -0.072809 0.148924
0.056227 -0.086801 0.22943
0.218252 -0.147137 0.149674
0.321439 -0.24873 0.04976
0.340959 -0.307959 0.033286
0.34949 -0.30569 0.084182
0.388317 -0.285313 0.101214
0.441591 -0.26856 0.095111
0.419458 -0.214509 0.057754
0.369073 -0.110935 0.041096
0.332569 0.006267 0.099729
0.299177 0.063176 0.172316
0.310673 0.115795 0.212977
0.250112 0.154797 0.265833
0.006118 0.119437 0.280295
-0.105587 0.229568 0.248382
0.069816 0.506918 0.181776
0.33565 0.856497 0.227363
0.517514 1.091343 0.435376
0.576747 0.632786 0.55568
0.275086 0.06268 0.250729
0.063565 -0.2261 -0.14337
0.009499 -0.368923 -0.223353
0.054279 -0.294438 -0.080179
0.104392 -0.000459 -0.001125
0.165087 0.006183 0.02593
0.184523 -0.077111 -0.039163
0.058863 -0.141421 -0.140074
-0.221072 -0.191374 -0.21571
-0.400024 -0.279265 -0.26718
-0.412008 -0.343842 -0.252783
-0.324333 -0.326124 -0.158689
-0.235571 -0.270891 -0.043334
-0.2998 -0.267062 -0.004355
-0.417345 -0.290229 -0.051629
-0.468087 -0.304805 -0.111222
-0.425476 -0.297368 -0.119051
-0.348797 -0.250969 -0.080853
-0.260474 -0.172105 -0.041253
-0.21777 -0.125798 -0.027383
-0.189206 -0.082078 -0.043207
-0.188637 0.046825 -0.088388
-0.193482 0.128376 -0.097956
-0.2138 0.094167 -0.089224
-0.142542 0.045039 -0.07047
0.057596 0.313287 -0.086797
0.015471 0.606927 -0.094585
-0.326059 0.715457 -0.10806
-0.44523 0.957017 -0.123709
-0.246615 0.633971 0.082191
-0.211668 -0.301361 0.042991
0.063108 -0.541653 -0.130629
0.326011 -0.430824 -0.156631
0.079847 -0.333826 -0.05044
-0.42084 -0.251582 0.160503
-0.582612 -0.173844 0.298821
-0.377502 -0.086923 0.171736
-0.009041 -0.243027 -0.063829
0.133132 -0.508821 -0.127829
0.061447 -0.500836 -0.012793
-0.100761 -0.321116 0.217187
-0.123605 -0.18883 0.308368
0.007998 -0.149411 0.217194
0.15421 -0.20996 0.082813
0.202311 -0.252466 0.014276
0.163948 -0.212735 0.018288
0.127999 -0.136399 0.045732
0.136407 -0.055922 0.079866
0.153258 -0.03084 0.086633
0.125033 -0.023497 0.063576
0.141589 0.046468 0.060535
0.162529 0.074247 0.108965
0.128305 0.060783 0.203967
0.100904 0.142753 0.246541
-0.085262 0.201946 0.20924
-0.354465 0.338836 0.134503
-0.28263 0.635011 0.087768
0.207674 0.998336 0.172022
0.492884 0.966708 0.381353
0.353723 0.151768 0.332793
-0.124521 -0.274422 -0.152256
-0.180421 -0.20979 -0.297591
-0.015648 -0.263307 -0.174205
0.302135 -0.041702 0.051477
0.351936 0.327782 0.04623
0.358942 0.317136 -0.067764
0.291619 0.086756 -0.20858
0.044061 -0.005451 -0.328358
-0.1924 0.018438 -0.393002
-0.214707 0.062303 -0.312447
-0.151815 0.029591 -0.114535
-0.177107 -0.05579 0.006615
-0.261823 -0.124446 0.000103
-0.337321 -0.220719 -0.0922
-0.417518 -0.335288 -0.168262
-0.428653 -0.344448 -0.162893
-0.41043 -0.273525 -0.094769
-0.385869 -0.259941 -0.037308
-0.299729 -0.203995 -0.029609
-0.22675 -0.072887 -0.075108
-0.241435 0.00987 -0.162497
-0.233918 -0.018913 -0.220304
-0.166262 -0.028578 -0.222365
0.001218 0.045811 -0.203493
0.274154 0.352302 -0.142116
0.152493 0.538249 -0.003999
-0.145866 0.681284 0.127402
-0.240513 0.452337 0.239423
0.035047 -0.112257 0.026131
0.416314 -0.391906 -0.197055
0.720615 -0.375927 -0.239945
0.655891 -0.398162 -0.144866
0.05475 -0.282289 0.150901
-0.264193 -0.254773 0.327698
-0.127548 -0.121523 0.256215
0.183675 -0.058705 0.094173
0.280591 -0.317757 0.02259
0.216112 -0.464936 0.069054
0.001734 -0.286261 0.171433
-0.109854 -0.102931 0.301588
-0.008513 -0.105624 0.32638
0.167183 -0.164222 0.26961
0.240355 -0.183348 0.20603
0.296407 -0.179458 0.142795
0.339641 -0.153904 0.093902
0.287887 -0.06491 0.082686
0.190807 0.014152 0.098564
0.068182 0.076366 0.114667
0.044211 0.146991 0.138113
0.153676 0.164039 0.175272
0.19296 0.127044 0.213705
0.111469 0.112945 0.228405
0.020404 0.083255 0.191963
-0.124231 0.099177 0.12233
-0.146668 0.282157 0.082354
-0.036582 0.531731 0.088287
0.153952 0.805515 0.184465
0.38564 0.830025 0.355926
0.225143 0.203461 0.282359
-0.057683 -0.515657 -0.071956
-0.172095 -0.70023 -0.269869
-0.278429 -0.472683 -0.092955
-0.030624 -0.044669 0.125534
0.138892 0.210429 0.041476
0.262688 0.138123 -0.174733
0.233439 0.014227 -0.348638
-0.011781 -0.100134 -0.360233
-0.371013 -0.120765 -0.307695
-0.364888 -0.129888 -0.195475
-0.203373 -0.072128 -0.029133
-0.142901 -0.029483 0.019756
-0.232627 -0.068877 -0.012219
-0.344718 -0.146092 -0.036609
-0.35966 -0.164178 -0.05129
-0.336835 -0.173897 -0.062652
-0.307907 -0.149773 -0.040921
-0.294305 -0.095231 -0.005477
-0.318727 -0.018347 -0.003034
-0.263616 0.118524 -0.050481
-0.187334 0.191923 -0.110051
-0.161311 0.198608 -0.139076
-0.101577 0.124571 -0.132212
0.046849 0.077235 -0.099107
0.287382 0.289044 -0.085647
0.136494 0.550417 -0.049685
-0.274046 0.711303 0.018173
-0.436671 0.540027 0.081631
-0.124321 -0.148518 0.017408
-0.143785 -0.574372 -0.025057
-0.043252 -0.540226 -0.000779
0.147985 -0.431362 -0.004245
-0.068217 -0.273489 0.092499
-0.458434 -0.144841 0.316446
-0.707421 -0.025464 0.330871
-0.426305 0.105495 0.084452
0.130374 -0.027064 -0.051696
0.342853 -0.159721 -0.009874
0.190549 -0.135146 0.135132
0.064553 -0.089442 0.272438
0.073077 -0.029089 0.243411
0.214082 -0.06411 0.115319
0.336876 -0.200398 0.044009
0.408401 -0.280494 0.038252
0.45269 -0.297504 0.021866
0.422081 -0.23135 0.010979
0.297892 -0.139582 0.033033
0.143622 -0.018137 0.056146
0.12225 0.109159 0.096679
0.195554 0.138636 0.122882
0.221068 0.068469 0.110665
0.144939 0.016554 0.09804
-0.028197 -0.006247 0.113023
-0.231199 0.123657 0.130443
-0.186255 0.378309 0.137585
0.069258 0.694615 0.198985
0.322997 0.749921 0.411992
0.409875 0.110363 0.463362
0.167289 -0.31153 0.169521
0.011329 -0.381547 -0.004678
0.004284 -0.348795 0.107995
0.23561 -0.039894 0.211442
0.529242 0.106305 0.120143
0.605342 0.043781 -0.065129
0.384577 0.090332 -0.213624
0.110666 0.129974 -0.245509
-0.030544 0.092549 -0.269104
0.081979 -0.015651 -0.252747
0.181535 -0.048738 -0.185862
0.14708 -0.048657 -0.143987
0.011247 -0.070751 -0.144978
-0.200248 -0.138171 -0.178487
-0.337211 -0.257626 -0.237757
-0.303526 -0.334924 -0.260918
-0.222503 -0.347826 -0.212439
-0.133221 -0.340767 -0.163663
-0.071242 -0.189146 -0.146267
-0.072658 -0.001911 -0.176267
-0.125268 0.10568 -0.216134
-0.140352 0.093882 -0.282381
-0.031177 0.051424 -0.34674
0.166466 0.129491 -0.349982
0.197429 0.220792 -0.29039
-0.05052 0.341847 -0.136474
-0.095731 0.2359 -0.01519
0.305263 -0.082195 -0.045192
0.380699 -0.372312 -0.100506
0.133259 -0.538256 -0.090432
-0.244296 -0.502445 -0.134129
-0.542809 -0.248046 -0.053222
-0.71649 -0.118703 0.105071
-0.570483 -0.015782 0.092582
-0.328062 -0.029136 0.070153
-0.200188 -0.183353 0.108873
-0.13256 -0.257658 0.170595
-0.21301 -0.134152 0.235383
-0.247342 0.006117 0.273927
-0.175499 0.034577 0.273688
-0.065402 -0.023866 0.228229
0.07408 -0.131204 0.176044
0.168888 -0.211661 0.145023
0.159722 -0.226509 0.153865
0.108793 -0.182232 0.188873
0.120383 -0.127882 0.207543
0.114404 -0.076649 0.198617
0.057266 0.002666 0.208122
0.06214 0.125851 0.243138
0.130418 0.188796 0.25958
0.164116 0.156619 0.270219
0.074144 0.179482 0.266054
-0.212015 0.221 0.241981
-0.240744 0.428228 0.167342
0.167758 0.75978 0.167326
0.189676 0.899623 0.249607
-0.100684 0.306179 0.263289
0.093684 -0.434816 0.08602
0.219144 -0.510519 0.023698
0.078875 -0.2369 0.257866
0.150281 0.239973 0.407968
0.445887 0.323066 0.276867
0.640343 0.122048 0.068605
0.522177 0.11311 -0.141462
0.205921 0.14411 -0.234934
-0.077258 0.108747 -0.278196
-0.118055 0.019037 -0.256799
-0.04567 -0.040152 -0.16715
-0.012914 -0.066227 -0.143822
-0.050427 -0.074514 -0.202241
-0.167944 -0.110798 -0.280955
-0.25921 -0.188587 -0.311208
-0.242901 -0.20164 -0.297306
-0.165932 -0.190007 -0.261855
-0.128076 -0.126344 -0.2611
-0.046365 -0.040875 -0.309049
0.040935 0.065016 -0.327359
0.018288 0.138773 -0.327187
-0.063116 0.056816 -0.301065
0.04843 0.008162 -0.298021
0.288108 0.19134 -0.307255
0.176485 0.516388 -0.235175
-0.163505 0.619518 -0.09381
-0.186177 0.477172 -0.033325
0.216437 0.175007 -0.189078
0.363892 -0.297256 -0.19262
0.266705 -0.451782 -0.10911
0.005858 -0.319255 -0.031715
-0.337129 -0.153478 0.098078
-0.603332 -0.132457 0.190008
-0.505842 -0.167963 0.137838
-0.100571 -0.130159 -0.037533
0.111492 -0.256407 -0.01491
0.199691 -0.272865 0.095688
0.247576 -0.186477 0.231328
0.238446 -0.177655 0.311098
0.162985 -0.140685 0.264057
0.187902 -0.099936 0.15803
0.277249 -0.114089 0.072817
0.276089 -0.16584 0.05931
0.244767 -0.220947 0.072547
0.204292 -0.222314 0.085308
0.138566 -0.144684 0.108402
0.056946 -0.074414 0.122172
-0.010158 0.000628 0.136388
-0.023931 0.111267 0.146248
0.004262 0.127835 0.148918
0.021363 0.114936 0.135116
-0.053325 0.177446 0.147157
-0.31193 0.293086 0.150046
-0.382726 0.525697 0.144375
-0.04366 0.885103 0.175513
0.219183 0.976673 0.258338
0.14228 0.596153 0.154853
0.113155 -0.05272 -0.089206
0.073303 -0.384788 -0.094166
-0.203797 -0.284824 0.140427
-0.145597 -0.003826 0.229206
0.232808 -0.007933 0.079082
0.488895 -0.148337 -0.163592
0.476731 -0.144565 -0.296848
0.424338 -0.050596 -0.330647
0.241628 0.033326 -0.326119
0.021171 0.04026 -0.207824
-0.069716 -0.005944 -0.133546
-0.060297 -0.050413 -0.161816
-0.088793 -0.089877 -0.184852
-0.221441 -0.219177 -0.177948
-0.331779 -0.333882 -0.174182
-0.308629 -0.301775 -0.136093
-0.187189 -0.197224 -0.114132
-0.093522 -0.117238 -0.118826
-0.069045 -0.002236 -0.135891
-0.074487 0.066793 -0.137923
-0.090126 0.107285 -0.137358
-0.037723 0.136653 -0.147644
0.134857 0.191928 -0.173906
0.330309 0.316057 -0.194397
-0.012786 0.469236 -0.156345
-0.433354 0.666226 -0.082012
-0.452121 0.708236 -0.105898
-0.070135 0.325396 -0.273287
0.109487 -0.449882 -0.233624
0.086467 -0.774393 -0.028493
0.00487 -0.595254 0.021416
-0.122319 -0.374349 0.052529
-0.371529 -0.212165 0.123838
-0.360566 -0.155527 0.116458
-0.22426 -0.125308 0.036751
-0.063577 -0.241101 0.07118
0.005852 -0.267782 0.190823
0.084698 -0.204148 0.306997
0.168351 -0.156319 0.368968
0.190776 -0.100447 0.333034
0.208342 -0.075346 0.231118
0.201706 -0.110729 0.110344
0.23255 -0.173523 0.035372
0.253849 -0.215451 0.032874
0.25289 -0.178321 0.077901
0.246495 -0.080196 0.096858
0.160129 -0.031475 0.100812
0.033319 0.057371 0.125684
-0.065704 0.175552 0.160017
-0.095667 0.206106 0.170309
-0.08771 0.178929 0.159698
-0.153058 0.217921 0.163032
-0.400256 0.271695 0.171247
-0.442575 0.465213 0.132499
-0.018647 0.729526 0.157157
0.299596 0.874052 0.243622
0.170053 0.602364 0.324909
-0.104492 0.170943 0.20366
-0.060137 -0.24719 0.088779
-0.034534 -0.279072 0.100643
-0.054159 -0.16647 0.23104
-0.067929 0.156222 0.196827
0.253628 0.161398 -0.016189
0.417718 0.061072 -0.288958
0.317434 0.068432 -0.416821
0.048804 0.016915 -0.369838
-0.190872 -0.103482 -0.311395
-0.195788 -0.17514 -0.182697
-0.028388 -0.146388 -0.093212
0.104481 -0.123307 -0.09471
0.070496 -0.075566 -0.122598
-0.060306 -0.081774 -0.141613
-0.113869 -0.145837 -0.123151
-0.007408 -0.183797 -0.069102
-0.000658 -0.155264 -0.022448
-0.018051 -0.118615 -0.028842
-0.015154 -0.041078 -0.083982
-0.048806 0.045663 -0.130396
-0.06859 0.038037 -0.154375
-0.041896 0.003275 -0.173686
0.06772 0.064012 -0.205312
0.137993 0.211598 -0.233026
-0.155608 0.409978 -0.249658
-0.606968 0.454039 -0.162964
-0.77601 0.171456 -0.210584
-0.409306 -0.160739 -0.385375
-0.127334 -0.356176 -0.360199
-0.192087 -0.476839 -0.190084
0.02798 -0.461192 -0.061915
-0.029413 -0.431339 -0.004395
-0.276439 -0.336131 0.064474
-0.192381 -0.197617 0.043192
0.045415 -0.160478 -0.015781
0.048133 -0.208643 0.070146
-0.003313 -0.152835 0.196904
0.097749 -0.105242 0.323172
0.274542 -0.156652 0.391562
0.405635 -0.143598 0.365158
0.467558 -0.070355 0.261457
0.47637 -0.062096 0.135284
0.480512 -0.105658 0.071584
0.458488 -0.132562 0.081369
0.427219 -0.068517 0.094441
0.382086 0.059105 0.109079
0.280466 0.099556 0.111498
0.134604 0.169625 0.09488
0.057426 0.237185 0.101518
0.022651 0.166508 0.122211
-0.034022 0.053035 0.116181
-0.263122 -0.001774 0.10886
-0.484268 0.105442 0.103508
-0.26848 0.383287 0.079521
0.129924 0.734363 0.132651
0.06003 0.73233 0.259351
-0.425228 0.282203 0.331345
-0.255187 -0.096852 0.134349
0.138158 -0.240118 -0.02202
0.152515 -0.167595 0.068139
-0.014771 0.144272 0.192502
0.064429 0.20321 0.121851
0.296306 0.03974 -0.075833
0.271366 0.071091 -0.275783
0.129853 0.102804 -0.332111
-0.02114 0.050316 -0.323163
0.055905 -0.081514 -0.289853
0.156744 -0.134878 -0.145145
0.132817 -0.062376 -0.084731
0.046309 0.043655 -0.127653
-0.026553 0.073428 -0.201002
-0.073032 -0.033909 -0.214653
-0.077687 -0.18847 -0.188099
-0.007267 -0.189757 -0.138544
0.07605 -0.110366 -0.099163
0.140219 0.030378 -0.109584
0.207805 0.133192 -0.120501
0.155662 0.231481 -0.126322
0.00494 0.216087 -0.095744
0.012236 0.11633 -0.105118
0.308755 0.157707 -0.136088
0.388326 0.39022 -0.118332
-0.146504 0.607043 -0.048396
-0.505028 0.557876 0.13742
-0.155667 0.160703 -0.068
0.063793 -0.170641 -0.232758
-0.072305 -0.443724 -0.151917
-0.090456 -0.4621 -0.05024
-0.232564 -0.276455 0.063883
-0.391918 -0.156103 0.170578
-0.445883 -0.285586 0.175678
-0.286252 -0.265762 0.066389
-0.126853 -0.279164 0.073779
-0.033099 -0.2613 0.158741
0.028093 -0.258721 0.25911
0.049042 -0.278247 0.333736
0.10874 -0.305387 0.302164
0.154454 -0.287285 0.200164
0.153051 -0.254955 0.100487
0.158062 -0.26538 0.030704
0.214854 -0.367209 0.019804
0.20071 -0.350265 0.027188
0.118305 -0.205047 0.03943
0.021182 -0.031783 0.069578
-0.058919 0.12192 0.111345
-0.113636 0.202712 0.131146
-0.100169 0.225201 0.111314
-0.100347 0.230715 0.072878
-0.345163 0.20586 0.062621
-0.506061 0.225643 0.05276
-0.250105 0.439693 0.082257
0.202544 0.733699 0.191803
-0.173933 0.710851 0.310754
-0.354679 -0.150087 0.069138
0.062395 -0.649867 -0.183347
0.189891 -0.543492 -0.030637
0.337562 -0.162239 0.282733
0.377685 0.288144 0.264453
0.526348 0.279303 0.075136
0.523125 0.131141 -0.150767
0.455801 0.077847 -0.315818
0.302532 0.038565 -0.336875
0.158528 -0.043284 -0.310021
0.081705 -0.063462 -0.203009
0.111536 -0.016729 -0.133115
0.162291 0.025677 -0.16567
0.059826 0.026541 -0.207678
-0.124175 -0.03714 -0.251947
-0.210189 -0.052247 -0.248661
-0.133184 -0.060221 -0.218061
0.009012 -0.081393 -0.214412
0.067325 -0.035985 -0.223223
0.021868 0.069102 -0.205629
-0.068697 0.142233 -0.196235
-0.18096 0.164507 -0.213448
-0.158578 0.067611 -0.238539
0.114874 0.016353 -0.246024
0.364265 0.269663 -0.172773
0.050452 0.529853 -0.020374
-0.457114 0.501535 0.163865
-0.436407 -0.086594 0.043832
-0.080152 -0.28264 -0.158639
-0.041209 -0.31355 -0.153724
0.02275 -0.352333 -0.091504
0.08563 -0.265137 0.058321
-0.189619 -0.299544 0.269947
-0.380287 -0.250768 0.311371
-0.373319 -0.048615 0.166901
-0.143688 -0.087796 0.064499
-0.051994 -0.239403 0.121373
-0.093615 -0.255005 0.255037
-0.116546 -0.148078 0.389226
-0.06647 -0.1001 0.420449
0.037956 -0.12393 0.32259
0.048014 -0.044227 0.146296
0.124952 -0.102845 0.002699
0.205407 -0.272524 0.003936
0.178564 -0.208617 0.053726
0.151309 -0.155721 0.083574
0.088232 -0.089662 0.12607
0.032637 0.038635 0.150151
0.013392 0.150171 0.156479
-0.045643 0.14758 0.162117
-0.103224 0.111613 0.148046
-0.093424 0.121832 0.111628
-0.205852 0.189726 0.059053
-0.257285 0.436779 0.030148
0.017919 0.762589 0.118511
0.342067 1.031488 0.268849
0.294857 0.840323 0.340211
-0.12347 0.499485 0.143239
-0.020613 0.152257 -0.122048
0.038165 -0.117627 -0.092077
-0.077739 -0.056059 0.162546
0.060675 0.105254 0.22532
0.382267 0.064094 0.034462
0.423396 -0.066494 -0.197195
0.269433 0.043342 -0.308577
0.122392 0.098361 -0.284073
0.028179 0.067262 -0.246103
-0.059117 -0.031812 -0.165987
-0.08214 -0.101174 -0.14583
0.048853 -0.120768 -0.166605
-0.022277 -0.098913 -0.210225
-0.100742 -0.184603 -0.261432
-0.181915 -0.291307 -0.263909
-0.181452 -0.311975 -0.199413
-0.093953 -0.291881 -0.12169
-0.041062 -0.201624 -0.083979
-0.035151 -0.041438 -0.081641
0.041055 0.049265 -0.11125
0.107275 0.011469 -0.11308
0.090837 -0.022672 -0.101823
0.206659 0.048895 -0.129053
0.308274 0.156674 -0.141192
0.085111 0.323619 -0.073749
-0.230332 0.387134 0.084492
0.117029 -0.002448 -0.009289
0.432763 -0.320201 -0.126917
0.345753 -0.392245 -0.107455
0.082501 -0.488927 -0.010813
-0.510802 -0.230039 0.116733
-0.712012 -0.059509 0.225452
-0.526037 -0.149942 0.19704
-0.13311 -0.196665 0.068293
0.056111 -0.308375 0.065482
0.089776 -0.372972 0.171876
-0.02563 -0.267076 0.300617
-0.153768 -0.1369 0.36783
-0.176236 -0.11263 0.355118
-0.113747 -0.148415 0.268747
0.002023 -0.193497 0.170162
0.113076 -0.234478 0.085086
0.192908 -0.298656 0.049705
0.214875 -0.327988 0.051146
0.182771 -0.292878 0.068432
0.095102 -0.169769 0.09169
-0.00904 -0.039276 0.115031
-0.034433 0.148763 0.134369
0.020193 0.287586 0.13545
0.012218 0.302218 0.125478
-0.063177 0.276998 0.088136
-0.277617 0.312241 0.035713
-0.369185 0.394858 -0.02483
-0.226552 0.650747 -0.039875
0.170031 0.910612 0.015989
0.195998 0.765685 0.099734
0.011408 0.2555 0.001896
0.237755 -0.458355 -0.138066
0.086475 -0.557305 -0.012691
-0.090791 -0.245717 0.373848
0.08739 0.132009 0.445499
0.338074 0.332741 0.180693
0.443359 0.239473 -0.124392
0.449785 0.084858 -0.252034
0.313145 -0.009545 -0.235927
0.088962 -0.012823 -0.134562
-0.041798 -0.037109 -0.060235
-0.04747 -0.071672 -0.069438
-0.070551 -0.122459 -0.143379
-0.165129 -0.190748 -0.21402
-0.289741 -0.190967 -0.24454
-0.346368 -0.182577 -0.217129
-0.276935 -0.173597 -0.150924
-0.163445 -0.147885 -0.109203
-0.095866 -0.063022 -0.133588
-0.085544 0.057453 -0.175686
-0.151204 0.1504 -0.185137
-0.201353 0.204832 -0.213206
-0.052964 0.158584 -0.238217
0.229599 0.139512 -0.271331
0.296018 0.320349 -0.282977
-0.123837 0.564282 -0.195132
-0.449462 0.58121 -0.080876
-0.22758 0.153718 -0.139003
0.278776 -0.156006 -0.338016
0.280612 -0.368956 -0.174536
-0.006437 -0.30063 -0.022219
0.052795 -0.162312 0.041491
-0.013636 -0.087308 0.159098
-0.23055 -0.137193 0.204775
-0.275161 -0.059997 0.123871
-0.144334 -0.11983 0.050659
-0.072183 -0.148705 0.11604
-0.029087 -0.103712 0.203912
0.023081 -0.121106 0.28979
0.10328 -0.147307 0.308251
0.196034 -0.102275 0.215042
0.252199 -0.097503 0.084388
0.281806 -0.086527 -0.003356
0.34026 -0.157629 -0.009139
0.363268 -0.153035 0.01917
0.33232 -0.019331 0.055775
0.271652 0.091892 0.104968
0.163003 0.188781 0.136784
0.096997 0.311718 0.157061
0.024489 0.309289 0.1638
-0.086393 0.233504 0.161973
-0.131911 0.16231 0.123402
-0.254639 0.161966 0.066333
-0.37259 0.388917 0.014331
-0.042581 0.6625 0.048068
0.36092 0.820695 0.2217
0.379601 0.531496 0.38507
0.033574 -0.092809 0.237293
-0.151223 -0.263839 0.008889
-0.111637 -0.1948 0.023501
0.014494 -0.214995 0.27249
0.120256 -0.060551 0.359824
0.448324 -0.070815 0.193291
0.536489 0.013625 -0.053792
0.380506 0.117097 -0.223683
0.170567 0.114399 -0.271965
0.030417 0.018951 -0.249433
0.016909 -0.121543 -0.181946
0.051461 -0.157646 -0.147065
0.022647 -0.069367 -0.160264
-0.061187 0.000533 -0.216753
-0.157009 -0.110047 -0.265043
-0.228188 -0.213806 -0.277968
-0.20587 -0.204165 -0.240827
-0.124597 -0.183316 -0.174689
-0.032272 -0.115015 -0.152669
0.02022 0.02361 -0.156413
-0.000754 0.123331 -0.193337
-0.051858 0.182948 -0.206133
-0.091202 0.123344 -0.201059
0.059888 0.027904 -0.206795
0.375118 0.137617 -0.201209
0.255027 0.333716 -0.132606
-0.215291 0.623354 -0.025033
-0.315246 0.553123 0.066539
0.068688 0.109222 -0.154262
0.140592 -0.23221 -0.211264
0.068065 -0.371166 -0.150411
0.143447 -0.447791 -0.061949
-0.176174 -0.22589 0.056929
-0.330017 -0.086816 0.147451
-0.344192 -0.153651 0.162256
-0.223988 -0.22556 0.093619
-0.02208 -0.381184 0.079245
0.043714 -0.394821 0.160445
0.012453 -0.270508 0.278587
-0.03182 -0.181244 0.356656
-0.00323 -0.169486 0.33636
0.053331 -0.184884 0.235115
0.086661 -0.190527 0.117571
0.194184 -0.308153 0.061302
0.251767 -0.383257 0.050891
0.227062 -0.298139 0.057467
0.163022 -0.151112 0.083011
0.045985 -0.030997 0.115036
-0.05023 0.068712 0.148187
-0.054425 0.143103 0.172946
-0.017499 0.17417 0.177441
-0.0485 0.158083 0.139902
-0.172665 0.115536 0.097291
-0.372069 0.161348 0.061336
-0.290029 0.419241 0.057474
0.01197 0.752626 0.136802
0.109485 0.797617 0.245504
-0.092161 0.424963 0.204642
0.023644 -0.29421 -0.080822
0.151777 -0.501435 -0.184127
-0.082837 -0.378642 0.07387
-0.014827 -0.035696 0.318007
0.194284 0.134479 0.1935
0.309173 0.090436 -0.098876
0.299691 -0.054655 -0.326493
0.238928 -0.115047 -0.410548
0.051089 -0.091352 -0.434251
-0.107311 -0.100805 -0.326189
-0.1791 -0.122621 -0.189496
-0.14365 -0.098132 -0.136413
-0.204337 -0.031624 -0.15724
-0.308879 -0.018007 -0.189445
-0.401454 -0.03766 -0.218272
-0.401779 -0.023041 -0.209626
-0.290273 -0.013496 -0.174391
-0.100331 -0.036224 -0.141605
0.018537 0.029905 -0.157913
-0.058759 0.140206 -0.171696
-0.146978 0.191911 -0.174242
-0.151219 0.143792 -0.177074
-0.006959 0.143448 -0.177201
0.225566 0.263532 -0.2039
0.172152 0.474694 -0.199758
-0.192352 0.620106 -0.119923
-0.481593 0.528759 -0.069472
-0.555127 0.247007 -0.124967
-0.326856 -0.165255 -0.211811
-0.043365 -0.483729 -0.109184
0.136183 -0.293897 -0.024287
0.302781 -0.147604 0.013943
0.07754 -0.153425 0.137413
-0.37762 -0.245696 0.251752
-0.581669 -0.085664 0.202026
-0.233257 -0.057713 0.073905
0.097642 -0.207232 0.129026
0.245919 -0.241447 0.237175
0.269289 -0.195085 0.395971
0.233606 -0.114253 0.470631
0.303546 -0.0669 0.375879
0.435831 -0.082439 0.216901
0.551704 -0.120621 0.107093
0.600591 -0.222742 0.102311
0.540142 -0.219411 0.106422
0.508171 -0.14388 0.136015
0.421662 -0.020609 0.164417
0.273701 0.129797 0.187132
0.144729 0.254302 0.213621
0.095723 0.231526 0.219412
0.080849 0.144226 0.183771
0.012684 0.114423 0.164035
-0.295546 0.174478 0.155882
-0.384856 0.442806 0.100733
0.067321 0.662626 0.081198
0.414791 0.581949 0.212614
0.088 0.169335 0.303049
-0.068236 -0.253871 0.162941
-0.009549 -0.296697 -0.026907
-0.129359 -0.203329 0.01389
-0.125813 -0.07378 0.178786
0.12642 -0.129469 0.113604
0.301654 -0.18307 -0.120278
0.33492 -0.128324 -0.318041
0.272593 -0.032973 -0.365164
0.127262 -0.050956 -0.34308
-0.010755 -0.10123 -0.234464
-0.085587 -0.158518 -0.147355
-0.114286 -0.113911 -0.12905
-0.123886 -0.078476 -0.170836
-0.183892 -0.068914 -0.219673
-0.300173 -0.163216 -0.23317
-0.347938 -0.261926 -0.209105
-0.279509 -0.248802 -0.146346
-0.212607 -0.202743 -0.084524
-0.188641 -0.091128 -0.084936
-0.177243 0.013931 -0.118486
-0.164635 0.048979 -0.165146
-0.163309 0.13474 -0.179673
-0.155998 0.189918 -0.196842
-0.014329 0.207647 -0.214607
0.208487 0.319167 -0.220791
-0.044372 0.442174 -0.183971
-0.512693 0.625974 -0.108355
-0.468029 0.65364 -0.132186
-0.10305 0.262577 -0.244975
0.011528 -0.33236 -0.207612
0.05263 -0.56486 -0.06802
0.074499 -0.508559 -0.009036
-0.207993 -0.276422 0.020997
-0.315222 -0.201737 0.066588
-0.31831 -0.260153 0.070126
-0.239207 -0.160013 0.031025
0.007951 -0.170848 0.06554
0.17788 -0.220258 0.162293
0.229584 -0.234298 0.268717
0.23295 -0.25298 0.327548
0.232564 -0.219589 0.283912
0.285242 -0.177659 0.173798
0.325982 -0.115852 0.042119
0.411124 -0.28305 -0.000511
0.417559 -0.355348 0.000949
0.425546 -0.257476 -0.001806
0.44118 -0.119946 0.025969
0.385212 -0.06635 0.047404
0.244433 -0.03157 0.062571
0.171054 0.073035 0.09667
0.12705 0.165958 0.117152
0.02511 0.212625 0.12988
-0.099576 0.272433 0.131145
-0.21497 0.268509 0.121755
-0.140373 0.370447 0.130115
0.10969 0.643175 0.187802
0.301318 0.844135 0.332275
0.07263 0.666351 0.361978
-0.16392 0.100265 0.135374
0.221799 -0.499885 -0.138116
-0.008493 -0.394764 -0.064153
-0.151985 -0.116715 0.211686
0.076371 0.03236 0.317626
0.362948 0.086105 0.102666
0.414011 0.071553 -0.168267
0.431606 0.063836 -0.290523
0.267675 0.079904 -0.32265
0.072044 0.059851 -0.287963
-0.080054 -0.024137 -0.124
-0.166117 -0.085572 0.022627
-0.142025 -0.067439 0.060502
-0.176784 -0.029606 -0.011605
-0.305003 -0.113663 -0.079622
-0.369878 -0.171248 -0.146629
-0.329927 -0.137702 -0.162523
-0.282767 -0.070613 -0.125429
-0.255388 -0.048837 -0.109506
-0.26537 0.005919 -0.118521
-0.308912 0.08501 -0.136766
-0.333187 0.068527 -0.160345
-0.180874 0.049321 -0.168059
0.132027 0.151341 -0.152062
0.225306 0.406112 -0.098748
-0.197054 0.659188 -0.030564
-0.581251 0.602727 0.06088
-0.565137 0.18215 -0.068899
-0.135941 -0.082669 -0.294053
-0.14187 -0.339561 -0.265437
-0.272562 -0.457843 -0.110893
-0.144157 -0.285071 -0.03299
-0.103043 -0.179221 0.051233
-0.206388 -0.192347 0.072947
-0.230003 -0.041066 -0.054999
-0.119053 -0.03434 -0.08889
-0.039044 -0.159234 0.010879
-0.003487 -0.1571 0.168434
0.058549 -0.123808 0.353201
0.083293 -0.18689 0.422613
0.142433 -0.229517 0.336398
0.229111 -0.187349 0.178821
0.331277 -0.181784 0.059515
0.390509 -0.276476 0.012607
0.390759 -0.346275 -0.002515
0.320385 -0.249912 0.029355
0.203658 -0.126173 0.074624
0.07241 0.022212 0.127259
-0.01508 0.136247 0.17394
-0.035067 0.135722 0.191576
0.015394 0.087367 0.158129
-0.081412 0.063384 0.123244
-0.365153 0.152071 0.092516
-0.393059 0.424293 0.016681
-0.089047 0.653975 0.06036
-0.078745 0.578218 0.226252
-0.299257 0.123598 0.143351
-0.101969 -0.425234 -0.108926
0.033674 -0.555117 -0.130444
-0.04766 -0.368922 0.099512
0.002533 0.014849 0.257109
0.221863 0.180635 0.132175
0.332887 0.152884 -0.101839
0.294879 0.075419 -0.263343
0.276607 -0.04152 -0.306638
0.205258 -0.044712 -0.329103
0.153406 0.027741 -0.249779
0.106493 0.044047 -0.147699
0.086878 0.062664 -0.139283
0.039805 0.078181 -0.151422
-0.000325 -0.029429 -0.170526
-0.061776 -0.149425 -0.180546
-0.066656 -0.155301 -0.13897
0.022283 -0.115473 -0.119792
0.112506 -0.070817 -0.118465
0.123318 -0.000483 -0.118192
0.105731 0.060227 -0.111661
0.074965 0.075294 -0.085014
0.009636 0.077993 -0.06423
0.07028 0.106567 -0.09954
0.315354 0.212186 -0.106121
0.351167 0.33279 -0.037847
-0.07565 0.522241 0.048071
-0.441991 0.799512 0.131536
-0.399554 0.729733 0.130693
-0.03444 0.173448 0.023473
-0.028681 -0.409697 0.015754
0.214182 -0.593153 0.033996
0.117653 -0.47122 -0.017736
-0.195056 -0.175141 -0.004303
-0.466241 0.044228 0.060758
-0.551387 0.10198 0.082752
-0.345485 0.007918 0.016613
-0.091316 -0.213817 0.05782
0.099139 -0.294626 0.167875
0.100202 -0.234761 0.284452
0.060163 -0.119011 0.321631
0.08428 -0.023314 0.281055
0.140286 -0.023081 0.164467
0.207981 -0.115992 0.066121
0.272441 -0.261213 0.037564
0.344819 -0.340112 0.056338
0.385742 -0.247383 0.080624
0.35935 -0.109649 0.077045
0.301664 -0.001555 0.090339
0.200539 0.08677 0.155344
0.117383 0.134467 0.1999
0.060093 0.114685 0.208783
-0.039103 0.067917 0.20665
-0.29484 0.09605 0.186453
-0.39622 0.257962 0.119614
-0.107083 0.532834 0.099447
0.03697 0.66945 0.193928
-0.174234 0.398926 0.259759
-0.271402 -0.167714 0.083611
-0.096353 -0.36593 -0.135553
-0.199977 -0.275747 -0.033568
-0.092183 -0.084918 0.216406
0.101563 0.116804 0.209729
0.246343 0.099331 0.008394
0.231355 0.069585 -0.178494
0.122761 0.058359 -0.273198
0.00373 0.015062 -0.288895
-0.063188 0.023715 -0.262819
-0.078469 0.014975 -0.185903
-0.030204 0.060875 -0.131508
-0.011663 0.039314 -0.128493
-0.063666 0.017154 -0.161302
-0.18531 0.057971 -0.190377
-0.21334 0.056596 -0.191122
-0.13276 0.029031 -0.162983
-0.036802 0.01519 -0.123097
0.047262 -0.041388 -0.123066
0.108408 0.005456 -0.138741
0.026708 0.018435 -0.136933
-0.093274 0.062709 -0.151566
-0.136462 0.011574 -0.170223
0.017171 -0.054274 -0.204118
0.246446 0.036347 -0.225726
0.17453 0.296594 -0.18699
-0.222342 0.521489 -0.08249
-0.471624 0.520796 0.015748
-0.305719 0.222369 -0.084359
-0.009105 -0.041464 -0.203034
-0.030103 -0.266425 -0.08539
0.051725 -0.256193 0.029248
0.225367 -0.10849 0.062994
0.100288 0.00476 0.120839
-0.362457 -0.001127 0.211883
-0.042764 -0.110006 0.107362
0.187931 -0.259237 0.075533
0.166083 -0.261864 0.206775
0.113015 -0.189631 0.360496
0.150677 -0.207827 0.473702
0.195124 -0.200775 0.463453
0.308391 -0.183627 0.346124
0.411357 -0.172129 0.189434
0.472639 -0.193742 0.092371
0.477239 -0.246939 0.047614
0.465284 -0.286211 0.029641
0.451385 -0.232462 0.029338
0.426903 -0.145254 0.054802
0.334092 -0.033594 0.089241
0.24547 0.050064 0.123064
0.188802 0.09272 0.135141
0.170613 0.087635 0.092388
0.07709 0.073516 0.067445
-0.217715 0.130979 0.067796
-0.335586 0.301745 0.044352
-0.014574 0.476908 0.10103
0.253924 0.618667 0.22499
0.204596 0.516592 0.287557
-0.114686 0.216352 0.210144
0.163762 -0.227933 -0.03486
0.115789 -0.271817 -0.070968
-0.021466 -0.077119 0.159629
0.034139 0.158009 0.267712
0.212206 0.119042 0.099907
0.313518 0.092195 -0.15571
0.240823 0.125215 -0.298176
0.159923 0.071701 -0.331637
0.087261 0.031665 -0.312705
0.019579 -0.050207 -0.216458
0.008568 -0.101467 -0.145377
-0.001069 -0.092043 -0.149773
-0.067184 -0.076236 -0.16754
-0.20245 -0.161796 -0.187638
-0.29586 -0.245303 -0.205679
-0.290608 -0.264343 -0.186935
-0.199684 -0.269585 -0.144831
-0.111431 -0.249657 -0.124315
-0.07448 -0.103163 -0.133416
-0.103406 0.087133 -0.118
-0.171909 0.152227 -0.114383
-0.213598 0.060018 -0.130046
-0.028181 0.033815 -0.135689
0.297573 0.15995 -0.150098
0.127036 0.310982 -0.115677
-0.34339 0.550208 -0.038461
-0.515817 0.813405 0.039675
-0.351742 0.613068 -0.020362
-0.140542 -0.070992 -0.111391
-0.204975 -0.524087 -0.077784
0.014102 -0.498033 -0.031565
-0.043009 -0.295001 -0.017848
-0.285026 -0.054814 0.02496
-0.386928 -0.097958 0.111173
-0.369785 -0.148816 0.121091
-0.136179 -0.247234 0.085914
0.049258 -0.377581 0.146354
0.129708 -0.362293 0.266152
0.165304 -0.297158 0.362424
0.195639 -0.205842 0.388936
0.196558 -0.138777 0.321896
0.231334 -0.169127 0.197288
0.299047 -0.246434 0.091633
0.366664 -0.357446 0.037355
0.388875 -0.32174 0.03063
0.37477 -0.174905 0.051158
0.311082 -0.04844 0.090716
0.182915 0.016935 0.133682
0.078081 0.091197 0.17397
0.036778 0.14973 0.205098
0.005105 0.145686 0.178779
-0.100446 0.136598 0.123872
-0.396759 0.179309 0.098449
-0.367611 0.309896 0.052388
0.031494 0.528414 0.037436
0.247805 0.750233 0.195646
-0.163443 0.605226 0.272114
-0.270444 -0.042713 0.041794
0.061105 -0.458064 -0.205496
-0.086445 -0.417418 -0.106229
-0.009125 -0.10572 0.181566
0.227385 0.141814 0.197636
0.438521 0.161247 -0.019321
0.440628 0.16031 -0.234444
0.268337 0.119972 -0.339973
0.077717 0.003704 -0.356896
-0.056026 -0.016821 -0.325509
-0.019702 -0.014594 -0.246416
0.061148 -0.016247 -0.155326
0.0174 -0.047273 -0.127993
-0.05985 -0.02632 -0.162372
-0.112136 -0.020188 -0.205276
-0.147346 -0.037032 -0.209446
-0.163356 -0.055476 -0.170383
-0.116122 -0.087509 -0.128288
-0.080069 -0.067646 -0.134268
-0.045273 0.025049 -0.154892
-0.127528 0.119658 -0.152322
-0.225985 0.12476 -0.148573
-0.160532 0.027602 -0.142194
0.173053 0.03462 -0.162833
0.401744 0.236863 -0.156428
0.072819 0.523988 -0.080115
-0.366638 0.63786 0.0364
-0.463846 0.588348 0.022012
-0.113013 0.344422 -0.074879
0.079364 -0.024098 -0.080814
0.009217 -0.312774 0.009265
-0.017368 -0.430706 0.032271
-0.053518 -0.250227 0.084521
-0.433709 -0.126934 0.154837
-0.51753 -0.240527 0.145274
-0.09265 -0.269436 -0.036574
0.070293 -0.369244 -0.020589
-0.046008 -0.33625 0.140232
-0.127544 -0.206117 0.339751
-0.135731 -0.18014 0.435831
-0.107425 -0.183761 0.412322
0.024595 -0.188264 0.305409
0.206871 -0.227875 0.14098
0.370826 -0.30662 0.01622
0.404769 -0.399998 -0.016542
0.337012 -0.394791 -0.010218
0.2676 -0.245403 0.0031
0.218382 -0.145576 0.022521
0.146952 -0.02537 0.058489
0.078626 0.091838 0.093486
0.059766 0.12722 0.095652
0.035883 0.106397 0.069437
-0.136046 0.115737 0.077183
-0.384943 0.237925 0.059607
-0.273594 0.411767 0.01318
0.124959 0.663306 0.076786
0.345792 0.827367 0.19974
0.139247 0.582748 0.238898
0.006376 0.036921 0.077193
0.095259 -0.373006 -0.097708
-0.218672 -0.359982 0.052091
-0.167904 -0.191348 0.246353
0.062871 -0.047752 0.21425
0.2829 -0.026372 -0.028448
0.255261 -0.012907 -0.229058
0.211661 0.000439 -0.329982
0.113887 0.018165 -0.355211
-0.009887 0.026468 -0.337312
-0.093583 -0.094418 -0.244904
-0.087215 -0.141543 -0.204874
-0.082386 -0.101052 -0.239425
-0.162682 -0.172662 -0.293693
-0.281304 -0.381189 -0.310996
-0.331892 -0.482383 -0.263604
-0.249934 -0.433911 -0.202011
-0.116528 -0.275825 -0.155548
-0.053738 -0.050775 -0.149526
-0.073856 0.099219 -0.138835
-0.118255 0.12749 -0.133556
-0.123328 0.080602 -0.134783
0.047231 0.077733 -0.160052
0.280133 0.139792 -0.136342
0.188506 0.249619 -0.050197
-0.173141 0.529805 0.062175
-0.450544 0.861455 0.163562
-0.347858 0.673329 0.061761
0.029752 -0.034624 -0.144319
-0.042508 -0.456355 -0.081415
0.03841 -0.511939 -0.057657
-0.071589 -0.390243 -0.056542
-0.293908 -0.175764 0.023549
-0.385573 -0.102467 0.027024
-0.297188 -0.018887 0.003775
-0.111389 -0.11768 0.005953
0.036691 -0.268086 0.09615
0.09283 -0.277419 0.231087
0.056445 -0.225845 0.363002
0.041459 -0.154993 0.384942
0.163696 -0.10643 0.310363
0.252551 -0.056403 0.184783
0.305813 -0.113663 0.074648
0.349378 -0.24428 0.035249
0.385682 -0.25807 0.051272
0.375405 -0.146464 0.086381
0.292946 -0.063561 0.12519
0.206325 0.063265 0.169846
0.090977 0.210876 0.240421
0.028694 0.232993 0.283367
0.066964 0.184258 0.265913
-0.094434 0.149548 0.234562
-0.413042 0.241422 0.17296
-0.31865 0.524891 0.07428
0.070788 0.802376 0.103486
0.159013 0.810956 0.276035
-0.190326 0.372388 0.237303
0.019315 -0.345793 -0.091037
-0.053659 -0.509445 -0.166129
-0.265487 -0.259696 0.132507
0.048109 0.071671 0.37159
0.421633 0.139465 0.242624
0.511168 0.127571 -0.007425
0.335752 0.077484 -0.24503
0.134101 0.017356 -0.304485
-0.029705 -0.009662 -0.313962
-0.092633 -0.0115 -0.260757
-0.07133 0.039074 -0.168944
-0.08205 0.01226 -0.146222
-0.159841 -0.030546 -0.16978
-0.246842 -0.035164 -0.213793
-0.28317 -0.059597 -0.241104
-0.208743 -0.072939 -0.232626
-0.103071 -0.043759 -0.195719
-0.082008 -0.051991 -0.160566
-0.103152 0.013199 -0.133207
-0.14238 0.10612 -0.13058
-0.205925 0.140212 -0.146151
-0.211645 0.066119 -0.151024
0.029845 0.038847 -0.171681
0.292331 0.162597 -0.214166
0.18643 0.428774 -0.179287
-0.241407 0.595152 -0.05742
-0.630725 0.630297 0.06382
-0.462726 0.242958 0.012464
-0.132161 -0.163521 -0.176053
0.335239 -0.31709 -0.093535
0.4662 -0.348141 0.009384
0.25259 -0.353797 -0.000259
-0.173614 -0.245849 0.091118
-0.601008 -0.338272 0.185808
-0.360523 -0.27586 0.026369
-0.003988 -0.314641 -0.078378
0.157494 -0.353323 0.012807
0.209152 -0.287801 0.185968
0.313457 -0.343297 0.369424
0.33426 -0.375361 0.423394
0.390092 -0.307078 0.323961
0.421714 -0.163598 0.167749
0.426699 -0.150269 0.053716
0.434021 -0.340083 0.022861
0.387452 -0.334981 0.018866
0.365331 -0.137432 0.030955
0.342141 -0.038046 0.042043
0.246885 0.083234 0.079346
0.129386 0.179153 0.147611
0.069347 0.194184 0.189709
0.067747 0.160862 0.168331
-0.006926 0.11154 0.129124
-0.347939 0.200502 0.117473
-0.370712 0.40559 0.089963
-0.060953 0.695777 0.157257
0.179165 0.878511 0.311927
-0.02536 0.682033 0.402396
-0.077879 0.079531 0.081081
0.176491 -0.376637 -0.186523
-0.176961 -0.27328 0.010635
-0.288415 0.096373 0.286379
0.043324 0.16457 0.233403
0.384746 -0.012085 -0.049341
0.304854 -0.018617 -0.251875
0.17298 0.026406 -0.332125
0.071479 0.021546 -0.388845
0.009427 -0.042865 -0.37283
-0.048079 -0.104732 -0.284182
-0.048352 -0.091587 -0.23737
-0.08652 -0.051868 -0.260473
-0.187602 -0.096135 -0.259614
-0.291208 -0.243128 -0.224471
-0.297152 -0.365771 -0.203991
-0.188856 -0.334322 -0.195346
-0.079655 -0.22069 -0.177232
-0.010844 -0.058402 -0.144604
0.04711 0.114435 -0.111281
0.03673 0.121826 -0.098001
0.031714 0.028976 -0.087272
0.230797 0.03848 -0.120809
0.480497 0.179411 -0.113809
0.345477 0.376399 -0.051285
-0.152849 0.601153 0.128322
-0.130874 0.430891 0.176818
0.354646 -0.021292 -0.086863
0.193583 -0.335288 -0.157777
0.019978 -0.52455 -0.112278
-0.257316 -0.450538 -0.096166
-0.595904 -0.077607 0.011779
-0.700428 0.054743 0.11651
-0.426665 -0.009444 0.049788
-0.085837 -0.181145 -0.038559
0.094628 -0.36726 -0.003566
0.131837 -0.317854 0.130027
-0.011734 -0.098207 0.282604
-0.125957 0.030185 0.383689
-0.092446 0.064078 0.396268
0.014226 0.010138 0.346795
0.086079 -0.029278 0.216639
0.219 -0.172244 0.118778
0.269737 -0.217255 0.06493
0.287525 -0.173474 0.065443
0.254191 -0.091274 0.109407
0.136939 -0.002144 0.164914
0.040115 0.12151 0.206376
-0.006646 0.249774 0.234908
-0.005572 0.270214 0.23643
-0.042134 0.25107 0.224417
-0.19903 0.242683 0.227299
-0.360315 0.338431 0.174493
-0.160761 0.547853 0.113404
0.134433 0.76216 0.172447
0.071531 0.681319 0.260321
-0.110345 0.243439 0.151738
0.219868 -0.327443 -0.076596
0.073555 -0.396859 -0.037892
-0.246886 -0.105262 0.276138
-0.181751 0.212082 0.38382
0.133042 0.334111 0.157335
0.33275 0.123758 -0.137328
0.278266 0.042827 -0.343436
0.100148 0.010099 -0.419596
-0.089629 0.031145 -0.422895
-0.13693 0.026753 -0.342227
-0.082111 0.034247 -0.253902
-0.081789 0.004306 -0.225932
-0.156882 -0.033056 -0.243738
-0.178831 -0.079184 -0.314326
-0.217735 -0.145568 -0.378428
-0.174004 -0.179569 -0.352233
-0.137722 -0.159263 -0.279117
-0.098238 -0.119424 -0.234148
-0.084176 -0.042901 -0.22882
-0.097992 0.082815 -0.237422
-0.162534 0.092284 -0.270407
-0.080633 -0.060185 -0.278606
0.190278 -0.015239 -0.31318
0.32011 0.253332 -0.280624
0.026133 0.528031 -0.148104
-0.36957 0.515882 0.032441
-0.501031 0.338436 0.072678
-0.223999 0.049226 -0.083905
-0.237409 -0.280951 -0.115085
-0.13366 -0.40507 -0.029492
0.224562 -0.282675 -0.078118
0.2488 -0.132865 -0.00931
-0.249875 -0.193008 0.127998
-0.437683 -0.144306 0.135366
-0.203788 -0.102661 0.023962
-0.051375 -0.2089 0.057394
-0.067855 -0.19201 0.18167
-0.12473 -0.156131 0.34717
-0.095661 -0.223613 0.439791
0.05518 -0.265242 0.376205
0.162386 -0.211129 0.264729
0.20202 -0.18286 0.13593
0.28069 -0.346992 0.064272
0.26268 -0.375357 0.014071
0.242929 -0.241678 0.034731
0.209593 -0.042566 0.101884
0.119624 0.091522 0.165005
0.024463 0.220103 0.217169
-0.050474 0.26053 0.267242
-0.086269 0.156317 0.243718
-0.117228 0.073463 0.171627
-0.293142 0.096801 0.104011
-0.41264 0.287162 0.018773
-0.146556 0.529108 0.047742
0.207313 0.659115 0.201724
0.14017 0.418715 0.324289
0.012459 -0.09386 0.117182
0.251665 -0.443819 -0.076226
-0.070804 -0.425972 0.050352
-0.111535 -0.201833 0.272322
0.130537 -0.05399 0.244159
0.352365 -0.090401 0.004223
0.339907 -0.109744 -0.195522
0.285691 -0.089663 -0.266922
0.199385 -0.086675 -0.318393
0.110037 -0.026161 -0.336718
0.025109 -0.075501 -0.281628
-0.018672 -0.082309 -0.25595
-0.102708 -0.084938 -0.249908
-0.215115 -0.158899 -0.245297
-0.262218 -0.27985 -0.260837
-0.232513 -0.355532 -0.240261
-0.172542 -0.326835 -0.184835
-0.101947 -0.273129 -0.147137
-0.047591 -0.164249 -0.14077
-0.020557 0.045495 -0.128925
-0.015886 0.15142 -0.122807
-0.049596 0.025398 -0.141109
0.046737 -0.046725 -0.157389
0.282903 0.142726 -0.177021
0.289144 0.236504 -0.159693
-0.145949 0.360617 -0.098787
-0.45215 0.658136 0.001984
-0.189546 0.626427 -0.085464
0.058586 0.130147 -0.192874
-0.197444 -0.368631 -0.09383
-0.171024 -0.450137 0.007018
-0.270136 -0.246779 0.040257
-0.310346 0.070674 0.070039
-0.427736 0.059719 0.128841
-0.510544 0.003309 0.141166
-0.240982 -0.081617 0.114204
-0.042445 -0.168468 0.148859
0.109263 -0.121845 0.214512
0.157304 -0.079078 0.264941
0.144576 -0.02187 0.295806
0.197948 -1.2e-05 0.284928
0.241035 -0.027439 0.236275
0.295926 -0.091895 0.14883
0.369501 -0.207577 0.097988
0.401497 -0.252263 0.065494
0.416575 -0.201039 0.026696
0.382082 -0.122845 0.026812
0.295937 -0.019623 0.076811
0.170338 0.123474 0.139667
0.044315 0.224833 0.177711
-0.082353 0.209273 0.173073
-0.267259 0.206347 0.169789
-0.469345 0.306783 0.121052
-0.259181 0.509762 0.017252
0.115929 0.757678 0.031765
0.320082 0.837159 0.203609
0.0223 0.608056 0.230075
0.194205 -0.286296 -0.080132
0.172368 -0.576008 -0.152905
-0.272343 -0.246414 0.112413
-0.250059 0.074321 0.331924
0.060764 0.310019 0.197156
0.439789 0.208545 -0.098679
0.477931 0.066088 -0.320942
0.305164 -0.017445 -0.393593
0.050958 -0.028894 -0.375613
-0.149552 -0.003856 -0.251055
-0.155934 -0.010736 -0.160834
-0.065133 -0.060678 -0.14856
-0.081415 -0.139932 -0.162632
-0.138594 -0.142181 -0.200831
-0.185893 -0.162427 -0.277781
-0.205619 -0.175812 -0.278553
-0.16134 -0.221516 -0.22548
-0.036504 -0.234035 -0.179992
0.034858 -0.10156 -0.185011
0.015423 0.024323 -0.17941
-0.044267 0.020607 -0.183907
-0.028654 -0.028472 -0.167491
0.196995 0.063803 -0.161128
0.377748 0.28068 -0.148508
0.145537 0.550738 -0.083931
-0.292373 0.666823 0.031861
-0.47362 0.517065 0.026126
-0.153628 0.043078 -0.072634
-0.118968 -0.368778 -0.099737
-0.055071 -0.559359 -0.012056
0.310805 -0.345786 -0.000666
0.427034 -0.132426 0.006761
0.097346 -0.17621 0.112508
-0.450306 -0.069155 0.141814
-0.328222 -0.024426 0.063366
-0.062167 -0.220849 0.073585
0.01837 -0.261069 0.179498
0.060489 -0.24145 0.354968
0.102794 -0.274885 0.470629
0.21877 -0.303565 0.440997
0.291451 -0.270968 0.268298
0.326823 -0.329344 0.075217
0.327104 -0.432334 -0.031593
0.33141 -0.419028 -0.072465
0.3594 -0.336901 -0.06703
0.313251 -0.125854 -0.014315
0.23666 0.086423 0.076079
0.135243 0.211592 0.144086
0.014373 0.212334 0.172128
-0.045928 0.17178 0.147027
-0.097645 0.189491 0.079869
-0.315342 0.283543 -0.007807
-0.362761 0.52015 -0.043558
-0.052967 0.776925 0.042627
0.25651 0.869535 0.21594
0.281671 0.492413 0.278857
0.074693 -0.101877 -0.001687
0.134809 -0.49929 -0.195688
-0.233381 -0.296977 0.029692
-0.288245 0.022843 0.289867
0.098713 0.173468 0.253412
0.432332 0.063796 -0.0225
0.438564 0.023698 -0.253697
0.365145 0.046617 -0.321873
0.178992 0.021753 -0.307746
-0.001746 -0.033715 -0.222697
-0.081411 -0.052744 -0.149412
-0.046068 -0.063611 -0.114927
-0.01792 -0.143475 -0.126278
-0.079115 -0.247817 -0.163643
-0.166155 -0.367988 -0.197923
-0.18511 -0.393823 -0.190854
-0.127305 -0.286252 -0.1529
-0.047969 -0.154776 -0.13241
-0.027226 -0.007612 -0.144753
-0.04222 0.111161 -0.16752
-0.098419 0.1483 -0.17828
-0.100215 0.124553 -0.154801
0.103855 0.230198 -0.154233
0.343046 0.427133 -0.129701
0.146994 0.50445 -0.040478
-0.255763 0.637682 0.101069
-0.316875 0.617833 0.100082
-0.069431 0.104658 -0.071614
-0.035682 -0.534384 -0.067765
0.004897 -0.702948 -0.019368
0.06483 -0.456593 0.001544
-0.074009 -0.227358 0.038577
-0.359689 -0.092824 0.120189
-0.429037 -0.04252 0.133405
-0.236002 -0.138315 0.063671
-0.103348 -0.306777 0.112366
-0.085705 -0.261685 0.233879
0.029548 -0.166459 0.366878
0.121474 -0.152749 0.412802
0.159725 -0.078924 0.352768
0.202353 -0.027701 0.207013
0.28993 -0.10695 0.072675
0.340976 -0.194039 0.042043
0.29388 -0.193442 0.058666
0.281952 -0.088321 0.058772
0.298138 0.052528 0.039376
0.226277 0.17657 0.060825
0.063015 0.263404 0.132308
-0.073455 0.31078 0.201623
-0.109501 0.253698 0.227912
-0.1337 0.209222 0.204894
-0.300006 0.260422 0.144106
-0.372431 0.443737 0.060437
-0.096239 0.609279 0.049372
0.255551 0.711306 0.203809
0.191408 0.460095 0.284385
-0.26498 0.001668 0.046102
-0.192283 -0.264243 -0.16059
-0.180748 -0.154745 -0.029738
-0.094598 0.056252 0.167877
0.229186 0.244939 0.123752
0.494557 0.203945 -0.088121
0.521919 0.129664 -0.275193
0.331172 0.04009 -0.35884
0.022798 0.019485 -0.358633
-0.022937 -0.09945 -0.283917
0.034398 -0.111553 -0.17335
0.083052 -0.077214 -0.124818
0.046434 -0.132942 -0.13315
-0.003733 -0.190847 -0.14528
-0.081699 -0.179581 -0.132905
-0.155918 -0.156997 -0.121432
-0.094561 -0.158168 -0.119581
0.012582 -0.187317 -0.12719
0.026758 -0.117511 -0.1408
0.007893 0.025228 -0.142403
-0.05501 0.102009 -0.155325
-0.073091 0.058266 -0.16458
0.056304 0.013928 -0.176558
0.279214 0.186237 -0.173217
0.238991 0.466025 -0.116397
-0.083919 0.655485 0.005885
-0.328119 0.535877 0.160209
-0.062306 0.016662 0.0628
0.226735 -0.319792 -0.039362
0.276607 -0.474105 -0.036615
0.157741 -0.513716 -0.011501
-0.070982 -0.309258 0.002512
-0.283408 -0.103603 0.046124
-0.22676 -0.162651 0.065533
-0.021668 -0.328963 -0.021877
0.108979 -0.562433 0.022163
0.061885 -0.520604 0.18145
-0.0914 -0.29565 0.310577
-0.141457 -0.23336 0.352565
-0.041659 -0.275432 0.331759
0.068308 -0.275319 0.251391
0.125134 -0.266431 0.109885
0.23722 -0.292188 0.001063
0.319099 -0.35738 -0.039497
0.285461 -0.278826 -0.006975
0.203418 -0.120324 0.029612
0.107296 -0.05514 0.072271
-0.013848 0.005012 0.116728
-0.088826 0.086187 0.154444
-0.073235 0.151595 0.167596
-0.074449 0.147177 0.134003
-0.24476 0.132209 0.114557
-0.502618 0.180906 0.101938
-0.48598 0.369713 0.056486
-0.135769 0.612149 0.092016
0.135001 0.662707 0.250569
-0.249607 0.427093 0.215546
-0.095053 -0.179475 -0.096557
-0.006342 -0.397389 -0.24302
-0.168944 -0.132963 -0.024519
-0.002423 0.287999 0.136533
0.177515 0.378938 0.007195
0.267491 0.214153 -0.211736
0.238081 0.166841 -0.347721
0.147975 0.187861 -0.357123
-0.019489 0.116277 -0.332382
-0.169914 0.01209 -0.222053
-0.20536 -0.001065 -0.123153
-0.137305 0.042775 -0.118616
-0.185338 0.060314 -0.166412
-0.359263 -0.004177 -0.185511
-0.505882 -0.029129 -0.193857
-0.493823 -0.031302 -0.17445
-0.380388 -0.058129 -0.132471
-0.27059 -0.106772 -0.109875
-0.221015 -0.104363 -0.129814
-0.274378 -0.013356 -0.171531
-0.370176 0.137051 -0.223585
-0.429452 0.140496 -0.251936
-0.260947 0.038448 -0.232912
0.022159 0.155127 -0.215155
0.106804 0.408286 -0.174199
-0.166861 0.640257 -0.085036
-0.564463 0.746438 0.026891
-0.919958 0.431137 0.004229
-0.774977 -0.403412 -0.186685
-0.144809 -0.884672 -0.199916
0.641529 -0.23376 -0.156594
0.908204 -0.083038 -0.096418
0.251253 -0.119249 0.075086
-0.229926 -0.419555 0.331208
-0.868988 -0.224279 0.331173
-0.574795 -0.131436 0.058349
0.001246 -0.324995 -0.002293
0.229494 -0.353098 0.136968
0.356058 -0.21777 0.353476
0.425921 -0.214664 0.465348
0.507368 -0.306553 0.399289
0.536134 -0.239835 0.210029
0.56508 -0.227272 0.013497
0.553126 -0.270667 -0.059728
0.464113 -0.23423 -0.029124
0.352111 -0.072981 0.075258
0.271256 0.010664 0.132317
0.247551 0.006203 0.148676
0.122553 -0.001903 0.167033
0.024073 0.015789 0.157972
-0.019796 0.066795 0.142707
-0.160149 0.143982 0.142713
-0.307025 0.28917 0.112992
-0.171632 0.505141 0.101227
0.137745 0.708131 0.168672
0.27289 0.665241 0.312216
0.012658 0.086642 0.23614
-0.234306 -0.324052 -0.139092
-0.17655 -0.343223 -0.145541
-0.197262 -0.154576 0.136172
0.095013 0.165629 0.236932
0.61849 0.103217 0.067932
0.660683 -0.009306 -0.118341
0.382001 0.107302 -0.236457
0.100095 0.081485 -0.26591
-0.078742 -0.003598 -0.228903
-0.063741 -0.020033 -0.186678
0.01728 -0.049585 -0.126714
0.014459 -0.037936 -0.104075
-0.045139 -0.016918 -0.124012
-0.217773 -0.004945 -0.156807
-0.312147 -0.092634 -0.192697
-0.36076 -0.214922 -0.200285
-0.348902 -0.249928 -0.164
-0.283518 -0.151327 -0.135142
-0.253373 -0.007218 -0.140143
-0.256753 0.083559 -0.170438
-0.262261 0.13247 -0.186596
-0.254381 0.118469 -0.205383
-0.173289 0.066289 -0.217202
0.004125 0.147605 -0.234115
0.154646 0.365915 -0.210146
-0.158367 0.489635 -0.142594
-0.622047 0.758681 -0.072165
-0.787615 0.608404 -0.013062
-0.441897 -0.02001 -0.149665
-0.051393 -0.391324 -0.193296
0.379621 -0.258238 -0.062727
0.488116 -0.26105 -0.083295
0.034 -0.102529 0.000397
-0.416936 -0.033548 0.170382
-0.452383 -0.067161 0.209642
-0.090956 -0.016996 0.080808
0.286428 -0.102269 0.081845
0.461572 -0.173876 0.167106
0.467238 -0.183813 0.269188
0.420145 -0.146776 0.36443
0.423587 -0.124813 0.352283
0.489226 -0.089067 0.248687
0.562525 -0.021535 0.129549
0.617192 -0.035318 0.082484
0.592761 -0.098715 0.055117
0.581487 -0.094432 0.022079
0.538321 0.009081 0.034354
0.47036 0.145577 0.074446
0.369486 0.290193 0.103937
0.194037 0.260195 0.104557
0.015077 0.193396 0.110214
-0.062793 0.242613 0.150431
-0.143977 0.240788 0.139264
-0.301086 0.224038 0.099937
-0.183921 0.377954 0.058308
0.022445 0.60249 0.090801
0.093046 0.765875 0.238447
0.027555 0.402326 0.346606
-0.490907 -0.129149 0.071215
-0.046124 -0.516513 -0.30931
-0.475548 -0.344508 -0.29884
-0.61246 0.064542 0.001875
-0.312874 0.235062 0.144686
0.051204 0.200019 -0.017682
0.201651 0.170542 -0.262149
-0.013822 0.007992 -0.463315
-0.46382 -0.100115 -0.567101
-0.76541 -0.114744 -0.449374
-0.725441 -0.14084 -0.176666
-0.556957 -0.180266 0.028931
-0.46151 -0.210325 0.049148
-0.541401 -0.172047 -0.034323
-0.662473 -0.192721 -0.110906
-0.776459 -0.284167 -0.121932
-0.765302 -0.319132 -0.151082
-0.688785 -0.317867 -0.157935
-0.642824 -0.299068 -0.139861
-0.576755 -0.203497 -0.10474
-0.554756 -0.113914 -0.120011
-0.558733 -0.112061 -0.146848
-0.497784 -0.06094 -0.166978
-0.29926 -0.028248 -0.185989
-0.180566 7.7e-05 -0.181013
-0.054507 0.161348 -0.154418
-0.179269 0.333911 -0.139998
-0.41542 0.664355 -0.121484
-0.566892 0.677752 -0.009972
-0.407752 -0.004751 -0.013346
-0.250172 -0.555972 -0.182684
0.249889 -0.372755 -0.238614
0.339354 -0.32045 -0.116341
-0.283073 -0.180851 0.096194
-0.627608 0.060515 0.168171
-0.442598 0.128374 0.060963
0.031617 0.022928 -0.151471
0.1704 -0.215807 -0.164297
0.138623 -0.345315 -0.053571
0.081925 -0.291274 -0.000606
0.02445 -0.148554 0.032413
0.137165 -0.063316 0.013952
0.234016 -0.043565 0.015899
0.278555 -0.095862 -0.01253
0.401718 -0.134581 -0.045703
0.455159 -0.104481 -0.026926
0.390225 -0.046854 0.01706
0.344836 0.016106 0.029652
0.358133 0.059214 0.006299
0.336952 0.075304 0.060532
0.275442 0.139013 0.177606
0.310415 0.22439 0.208957
0.369966 0.275531 0.155599
0.292134 0.237889 0.162488
0.086971 0.233387 0.213919
-0.064082 0.344388 0.195843
-0.002409 0.670836 0.165965
0.32908 0.85723 0.376244
0.307798 0.241448 0.385009
-0.423313 -0.240266 -0.197309
-0.577408 -0.591729 -0.46842
-0.293319 -0.458731 -0.369031
0.61794 -0.09285 -0.217706
0.669935 0.167202 -0.033855
0.098397 0.05415 0.079802
-0.004256 -0.04916 -0.027509
-0.054914 -0.272993 -0.277076
-0.296114 -0.284573 -0.413681
-0.35581 -0.241746 -0.39886
-0.199234 -0.206778 -0.267136
-0.015702 -0.083711 -0.088742
-0.022194 0.015307 -0.006856
-0.12472 -0.01026 -0.09022
-0.288107 -0.094098 -0.183498
-0.377325 -0.112776 -0.206937
-0.307616 -0.02408 -0.204305
-0.248818 0.069929 -0.183431
-0.298336 0.061848 -0.129972
-0.318242 -0.026649 -0.11086
-0.250733 0.019953 -0.137219
-0.200189 0.187369 -0.132225
-0.213491 0.291796 -0.073671
-0.194759 0.255772 -0.033313
-0.105392 0.150936 -0.048362
0.130267 0.243216 -0.071125
0.278797 0.485808 -0.027029
-0.002242 0.647545 0.041726
-0.229228 0.894688 0.102563
-0.189004 0.877475 0.218947
0.154978 -0.001895 0.209168
0.317828 -0.312182 -0.005462
0.412005 -0.179598 -0.112754
-0.084248 -0.291724 -0.085658
-0.770811 -0.270178 0.059405
-1.031997 -0.252785 0.255929
-0.558454 -0.001763 0.197561
0.534345 0.060636 -0.044103
0.636356 -0.245297 -0.199799
0.096342 -0.433276 -0.138701
-0.147403 -0.399914 -0.011481
-0.215998 -0.179307 0.136076
-0.123071 -0.004216 0.187985
-0.005432 0.043184 0.149382
0.087135 -0.022326 0.104381
0.162796 -0.126805 0.027443
0.236368 -0.189197 -0.013473
0.244934 -0.155951 -0.006298
0.242131 -0.06501 0.011014
0.211514 -0.016852 0.015925
0.093915 0.002929 0.033182
0.015687 0.083509 0.053977
0.118528 0.201217 0.059904
0.242435 0.203102 0.051585
0.219322 0.163568 0.099064
0.120113 0.152283 0.164252
0.005399 0.157115 0.16769
0.000856 0.203435 0.11091
0.0658 0.374624 0.081164
0.103408 0.606829 0.126062
0.214936 0.85269 0.223741
0.374233 0.862668 0.355235
0.41879 0.355081 0.267326
0.225408 -0.205413 -0.089385
-0.020482 -0.421257 -0.248575
-0.082709 -0.398148 -0.237222
0.240811 -0.166407 -0.107606
0.526925 0.152211 0.019226
0.264348 0.314228 0.028107
0.080989 0.199716 -0.117052
0.042522 0.009755 -0.341565
-0.056386 -0.103197 -0.438078
-0.178578 -0.11963 -0.390795
-0.167333 -0.042327 -0.250093
-0.050913 -0.012727 -0.090274
-0.018599 -0.035623 -0.028928
-0.056074 -0.042575 -0.066898
-0.233612 -0.034697 -0.133846
-0.363665 -0.047449 -0.130584
-0.309076 -0.013659 -0.11881
-0.181051 0.047169 -0.124755
-0.189492 0.06298 -0.114766
-0.216552 0.026783 -0.122845
-0.230344 -0.015548 -0.147956
-0.219376 0.098923 -0.13394
-0.299079 0.222186 -0.091018
-0.301904 0.20569 -0.066332
-0.082463 0.158472 -0.093507
-0.012218 0.173357 -0.094917
-0.049118 0.220038 -0.059273
-0.055628 0.344625 -0.067867
-0.289674 0.543004 -0.070226
-0.585751 0.796322 -0.051916
-0.74304 0.6538 0.000198
-0.420107 0.096493 -0.176257
0.063724 -0.181778 -0.290853
0.34647 -0.240347 -0.254635
0.110054 -0.343926 -0.135331
-0.320053 -0.188012 0.070007
-0.319734 -0.026173 0.106226
-0.034653 -0.002616 0.007667
0.269157 -0.224221 -0.054161
0.419649 -0.380472 -0.02456
0.303662 -0.33358 0.052425
0.153324 -0.197614 0.117265
0.198668 -0.104932 0.113122
0.360643 -0.081383 0.074146
0.406167 -0.09657 0.076325
0.367673 -0.167115 0.122495
0.32474 -0.158951 0.139528
0.350681 -0.087734 0.127414
0.41385 -0.0497 0.100625
0.489384 -0.108382 0.093004
0.465603 -0.145941 0.141742
0.426492 -0.070134 0.199485
0.413684 0.016019 0.208304
0.462543 0.041271 0.206185
0.545213 0.064211 0.223813
0.574084 0.093182 0.250873
0.522981 0.122055 0.271422
0.418656 0.139388 0.272558
0.304622 0.1386 0.253867
0.265315 0.152603 0.234736
0.242202 0.190584 0.224657
0.229149 0.265006 0.227524
0.258414 0.450973 0.248364
0.37084 0.604431 0.300204
0.515917 0.579695 0.370735
0.580468 0.250525 0.332594
0.270676 -0.108285 0.047909
-0.028402 -0.22002 -0.127349
0.188096 -0.33484 -0.121557
0.59511 -0.301945 -0.071798
0.696527 0.000785 0.087606
0.413532 0.218513 0.251863
0.117188 0.225058 0.210639
-0.050016 0.08284 0.055456
-0.100573 -0.094773 -0.106909
0.031318 -0.258396 -0.140708
0.222488 -0.294904 -0.089696
0.344803 -0.196017 0.040067
0.250649 -0.1601 0.153823
0.003395 -0.184428 0.207999
-0.116238 -0.203261 0.209072
-0.102068 -0.225305 0.16941
-0.063706 -0.209647 0.11638
-0.079995 -0.181867 0.071901
-0.133988 -0.178027 0.083323
-0.139764 -0.187266 0.094639
-0.109367 -0.085073 0.084659
-0.139249 -0.009611 0.066403
-0.164148 0.000449 0.070768
-0.150092 -0.002442 0.079882
-0.136805 -0.005013 0.056243
-0.117073 0.009801 0.034257
-0.059615 0.078838 -0.013554
-0.027721 0.193991 -0.06036
-0.033349 0.261668 -0.055879
-0.016299 0.343203 -0.016395
0.032718 0.407522 0.064546
0.103643 0.309671 0.128415
0.174705 0.154595 0.085181
0.187294 0.057073 0.010552
0.169168 0.047544 -0.020766
0.089238 0.094006 0.025334
-0.027805 0.089992 0.126061
-0.119116 0.042877 0.171558
-0.126687 0.000469 0.140221
-0.086878 -0.055616 0.094747
-0.058071 -0.09554 0.071191
-0.048004 -0.063592 0.070426
-0.01896 -0.047445 0.063941
0.053314 -0.068614 0.042088
0.124489 -0.066098 0.030475
0.152758 -0.064932 0.0151
0.155018 -0.087665 0.003527
0.151534 -0.095993 -0.01114
0.156459 -0.084362 -0.029304
0.152594 -0.092993 -0.044765
0.140276 -0.111513 -0.058126
0.115017 -0.129487 -0.058246
0.093649 -0.145557 -0.061481
0.101807 -0.137416 -0.076639
0.121559 -0.123461 -0.082546
0.104817 -0.124743 -0.082367
0.086176 -0.125494 -0.085844
0.096612 -0.113042 -0.086113
0.105817 -0.082404 -0.076027
0.108309 -0.067078 -0.060376
0.104566 -0.064488 -0.039608
